0
0
0
0
0
0
0
0
0
0
0
0
0
0
0
0
0
0
0
0
0
0
0
0
0
0
0
0
0
0
0
0
0
0
0
0
0
0
0
0
142
0
0
0
142
0
0
0
142
0
0
0
142
0
0
0
142
0
0
0
284
0
0
0
284
0
0
0
284
0
0
0
284
0
0
0
284
0
0
0
439
0
0
0
439
30
0
0
439
30
0
0
439
30
0
0
439
30
0
0
592
30
0
0
592
54
0
0
592
54
0
157
592
54
0
157
592
54
0
157
774
54
203
157
774
74
203
157
774
74
203
157
774
74
203
318
774
74
203
318
917
74
345
318
917
93
345
318
917
93
345
318
917
93
345
318
917
93
345
421
1070
93
466
421
1070
112
466
421
1070
112
466
421
1070
112
466
421
