1 0
2 0
3 0
4 0
6 0
7 0
8 0
9 0
11 0
12 0
13 0
14 0
16 0
17 0
18 0
19 0
20 0
21 0
22 0
23 0
24 0
25 0
26 0
27 0
29 0
30 0
31 0
32 0
33 0
35 0
36 0
37 0
38 0
39 0
40 0
41 0
42 0
43 0
44 0
45 0
47 0
48 0
49 0
50 0
53 0
54 0
55 0
56 0
57 0
58 0
59 0
60 0
61 0
62 0
63 0
64 0
65 0
66 0
68 0
69 0
70 0
71 0
72 0
73 0
74 0
76 0
77 0
79 0
80 0
0 0
34 0
67 0
28 0
52 0
75 0
78 0
5 0
5 0
10 0
10 0
15 0
15 0
46 0
46 0
1 0
2 0
3 0
4 0
6 0
7 0
8 0
9 0
11 0
12 0
13 0
14 0
16 0
17 0
18 0
19 0
20 0
21 0
22 0
23 0
24 0
25 0
26 0
27 0
29 0
30 0
31 0
32 0
33 0
35 0
36 0
37 0
38 0
39 0
40 0
41 0
42 0
43 0
44 0
45 0
47 0
48 0
49 0
50 0
53 0
54 0
55 0
56 0
57 0
58 0
59 0
60 0
61 0
62 0
63 0
64 0
65 0
66 0
68 0
69 0
70 0
71 0
72 0
73 0
74 0
76 0
77 0
79 0
80 0
0 0
34 0
67 0
28 0
52 0
75 0
78 0
5 0
5 0
10 0
10 0
15 0
15 0
46 0
46 0
1 0
2 0
3 0
4 0
6 0
7 0
8 0
9 0
11 0
12 0
13 0
14 0
16 0
17 0
18 0
19 0
20 0
21 0
22 0
23 0
24 0
25 0
26 9
27 0
29 0
30 0
31 0
32 20
33 0
35 0
36 0
37 0
38 0
39 0
40 0
41 0
42 0
43 0
44 0
45 0
47 0
48 0
49 0
50 0
53 0
54 0
55 0
56 0
57 0
58 0
59 0
60 0
61 0
62 0
63 0
64 0
65 0
66 0
68 0
69 0
70 0
71 0
72 0
73 0
74 0
76 0
77 0
79 0
80 6
0 0
34 0
67 0
28 0
52 0
75 0
78 0
5 0
5 0
10 0
10 0
15 0
15 0
46 0
46 0
1 0
2 0
3 0
4 0
6 0
7 0
8 0
9 0
11 0
12 0
13 0
14 0
16 0
17 0
18 0
19 0
20 0
21 0
22 0
23 0
24 0
25 0
26 9
27 0
29 0
30 0
31 0
32 20
33 0
35 0
36 0
37 0
38 0
39 0
40 0
41 0
42 0
43 0
44 0
45 0
47 0
48 0
49 0
50 0
53 0
54 0
55 0
56 0
57 0
58 0
59 0
60 0
61 0
62 0
63 0
64 0
65 0
66 0
68 0
69 0
70 0
71 0
72 0
73 0
74 0
76 0
77 0
79 0
80 6
0 0
34 0
67 0
28 0
52 0
75 0
78 0
5 0
5 0
10 0
10 0
15 0
15 0
46 0
46 0
1 0
2 0
3 0
4 0
6 0
7 0
8 0
9 0
11 0
12 0
13 0
14 0
16 0
17 0
18 0
19 0
20 0
21 0
22 0
23 0
24 0
25 0
26 9
27 0
29 0
30 0
31 0
32 20
33 0
35 0
36 0
37 0
38 0
39 0
40 0
41 0
42 0
43 0
44 0
45 0
47 0
48 0
49 0
50 0
53 0
54 0
55 0
56 0
57 0
58 0
59 0
60 0
61 0
62 0
63 0
64 0
65 0
66 0
68 0
69 0
70 0
71 0
72 0
73 0
74 0
76 0
77 0
79 6
80 0
0 0
34 0
67 0
28 0
52 0
75 0
78 0
5 0
5 0
10 0
10 0
15 0
15 0
46 0
46 0
1 0
2 0
3 0
4 0
6 0
7 0
8 0
9 0
11 0
12 0
13 0
14 0
16 0
17 0
18 0
19 0
20 0
21 0
22 0
23 0
24 0
25 22
26 0
27 0
29 0
30 0
31 31
32 0
33 0
35 0
36 0
37 0
38 0
39 0
40 0
41 0
42 0
43 0
44 0
45 0
47 0
48 0
49 0
50 0
53 0
54 0
55 0
56 0
57 0
58 0
59 0
60 0
61 0
62 0
63 0
64 0
65 0
66 0
68 0
69 0
70 0
71 0
72 0
73 0
74 0
76 0
77 0
79 6
80 0
0 0
34 0
67 0
28 0
52 0
75 0
78 0
5 0
5 0
10 0
10 0
15 0
15 0
46 0
46 0
1 0
2 0
3 0
4 0
6 0
7 0
8 0
9 0
11 0
12 0
13 0
14 0
16 0
17 0
18 0
19 0
20 0
21 0
22 0
23 0
24 0
25 22
26 0
27 0
29 0
30 0
31 31
32 0
33 0
35 0
36 0
37 0
38 0
39 0
40 0
41 0
42 0
43 0
44 0
45 0
47 0
48 0
49 0
50 0
53 0
54 0
55 0
56 0
57 0
58 0
59 0
60 0
61 0
62 0
63 0
64 0
65 9
66 0
68 0
69 0
70 0
71 0
72 0
73 0
74 0
76 0
77 0
79 6
80 0
0 0
34 0
67 0
28 0
52 0
75 0
78 0
5 0
5 0
10 0
10 0
15 0
15 0
46 0
46 0
1 0
2 0
3 0
4 0
6 0
7 0
8 0
9 0
11 0
12 0
13 0
14 0
16 0
17 0
18 0
19 0
20 0
21 0
22 0
23 0
24 0
25 22
26 0
27 0
29 0
30 0
31 31
32 0
33 0
35 0
36 0
37 0
38 0
39 0
40 0
41 0
42 0
43 0
44 0
45 0
47 0
48 0
49 0
50 0
53 0
54 0
55 0
56 0
57 0
58 0
59 0
60 0
61 0
62 0
63 0
64 0
65 9
66 0
68 0
69 0
70 0
71 0
72 0
73 0
74 0
76 0
77 0
79 0
80 0
0 0
34 0
67 0
28 0
52 0
75 0
78 25
5 0
5 0
10 0
10 0
15 0
15 0
46 0
46 0
1 0
2 0
3 0
4 0
6 0
7 0
8 0
9 0
11 0
12 0
13 0
14 0
16 0
17 0
18 0
19 0
20 0
21 0
22 0
23 0
24 0
25 22
26 0
27 0
29 0
30 46
31 0
32 0
33 0
35 0
36 0
37 0
38 0
39 0
40 0
41 0
42 0
43 0
44 0
45 0
47 0
48 0
49 0
50 0
53 0
54 0
55 0
56 0
57 0
58 0
59 0
60 0
61 0
62 0
63 0
64 0
65 9
66 0
68 0
69 0
70 0
71 0
72 0
73 0
74 0
76 0
77 0
79 0
80 16
0 0
34 0
67 0
28 0
52 0
75 0
78 25
5 0
5 0
10 0
10 0
15 0
15 0
46 0
46 0
1 0
2 0
3 0
4 0
6 0
7 0
8 0
9 0
11 0
12 0
13 0
14 0
16 0
17 0
18 0
19 0
20 0
21 0
22 0
23 0
24 38
25 0
26 0
27 0
29 0
30 46
31 0
32 0
33 0
35 0
36 0
37 0
38 0
39 0
40 0
41 0
42 0
43 0
44 0
45 0
47 0
48 0
49 0
50 0
53 0
54 0
55 0
56 0
57 0
58 0
59 0
60 0
61 0
62 0
63 0
64 20
65 0
66 0
68 0
69 0
70 0
71 0
72 0
73 0
74 0
76 0
77 0
79 0
80 16
0 0
34 0
67 0
28 0
52 0
75 0
78 0
5 0
5 0
10 0
10 0
15 0
15 0
46 0
46 33
1 0
2 0
3 0
4 0
6 0
7 0
8 0
9 0
11 0
12 0
13 0
14 0
16 0
17 0
18 0
19 0
20 0
21 0
22 0
23 0
24 38
25 0
26 0
27 0
29 0
30 46
31 0
32 0
33 0
35 0
36 0
37 0
38 0
39 0
40 0
41 0
42 0
43 0
44 0
45 0
47 0
48 0
49 0
50 0
53 0
54 0
55 0
56 0
57 0
58 0
59 0
60 0
61 0
62 0
63 0
64 20
65 0
66 0
68 0
69 0
70 0
71 0
72 0
73 0
74 0
76 0
77 24
79 16
80 0
0 0
34 0
67 0
28 0
52 0
75 0
78 0
5 0
5 0
10 0
10 0
15 0
15 0
46 0
46 0
1 0
2 0
3 0
4 0
6 0
7 0
8 0
9 0
11 0
12 0
13 0
14 0
16 0
17 0
18 0
19 0
20 0
21 0
22 0
23 48
24 0
25 0
26 18
27 0
29 45
30 0
31 0
32 20
33 0
35 0
36 0
37 0
38 0
39 0
40 0
41 0
42 0
43 0
44 0
45 0
47 0
48 0
49 0
50 0
53 0
54 0
55 0
56 0
57 0
58 0
59 0
60 0
61 0
62 0
63 0
64 20
65 0
66 0
68 0
69 0
70 0
71 0
72 0
73 0
74 0
76 0
77 24
79 16
80 0
0 0
34 0
67 0
28 0
52 0
75 0
78 0
5 0
5 0
10 0
10 0
15 0
15 0
46 0
46 0
1 0
2 0
3 0
4 0
6 0
7 0
8 0
9 0
11 0
12 0
13 0
14 0
16 0
17 0
18 0
19 0
20 0
21 0
22 0
23 48
24 0
25 0
26 18
27 0
29 45
30 0
31 0
32 20
33 0
35 0
36 0
37 0
38 0
39 0
40 0
41 0
42 0
43 0
44 0
45 0
47 0
48 0
49 0
50 0
53 0
54 0
55 0
56 0
57 0
58 0
59 0
60 0
61 0
62 0
63 47
64 0
65 16
66 0
68 0
69 0
70 0
71 0
72 0
73 0
74 0
76 24
77 0
79 16
80 0
0 0
34 0
67 0
28 0
52 0
75 0
78 0
5 0
5 0
10 0
10 0
15 0
15 0
46 0
46 0
1 0
2 0
3 0
4 0
6 0
7 0
8 0
9 0
11 0
12 0
13 0
14 0
16 0
17 0
18 0
19 0
20 0
21 0
22 71
23 0
24 0
25 0
26 18
27 0
29 45
30 0
31 0
32 20
33 0
35 0
36 0
37 0
38 0
39 0
40 0
41 0
42 0
43 0
44 0
45 0
47 0
48 0
49 0
50 0
53 0
54 0
55 0
56 0
57 0
58 0
59 0
60 0
61 0
62 0
63 47
64 0
65 16
66 0
68 0
69 0
70 0
71 0
72 0
73 0
74 0
76 24
77 0
79 0
80 0
0 0
34 0
67 0
28 0
52 0
75 0
78 32
5 0
5 0
10 0
10 0
15 0
15 0
46 0
46 0
1 0
2 0
3 0
4 0
6 0
7 0
8 0
9 0
11 0
12 0
13 0
14 0
16 0
17 0
18 0
19 0
20 0
21 0
22 71
23 0
24 0
25 32
26 0
27 0
29 0
30 0
31 19
32 0
33 0
35 0
36 0
37 0
38 0
39 0
40 0
41 0
42 0
43 0
44 0
45 0
47 0
48 0
49 0
50 0
53 0
54 0
55 0
56 0
57 0
58 0
59 0
60 0
61 0
62 60
63 0
64 0
65 16
66 0
68 0
69 0
70 0
71 0
72 0
73 0
74 0
76 24
77 0
79 0
80 13
0 0
34 0
67 0
28 51
52 0
75 0
78 32
5 0
5 0
10 0
10 0
15 0
15 0
46 0
46 0
1 0
2 0
3 0
4 0
6 0
7 0
8 0
9 0
11 0
12 0
13 0
14 0
16 0
17 0
18 0
19 0
20 0
21 69
22 0
23 0
24 0
25 32
26 0
27 0
29 0
30 0
31 19
32 0
33 0
35 0
36 0
37 0
38 0
39 0
40 0
41 0
42 0
43 0
44 0
45 0
47 0
48 0
49 0
50 0
53 0
54 0
55 0
56 0
57 0
58 0
59 0
60 0
61 0
62 60
63 0
64 34
65 0
66 0
68 0
69 0
70 0
71 0
72 0
73 0
74 0
76 0
77 0
79 0
80 13
0 0
34 0
67 0
28 51
52 0
75 26
78 0
5 0
5 0
10 0
10 0
15 0
15 0
46 0
46 25
1 0
2 0
3 0
4 0
6 0
7 0
8 0
9 0
11 0
12 0
13 0
14 0
16 0
17 0
18 0
19 0
20 0
21 69
22 0
23 0
24 0
25 32
26 0
27 0
29 0
30 0
31 19
32 0
33 0
35 0
36 0
37 0
38 0
39 0
40 0
41 0
42 0
43 0
44 0
45 0
47 0
48 0
49 0
50 0
53 0
54 0
55 0
56 0
57 0
58 0
59 0
60 0
61 84
62 0
63 0
64 34
65 0
66 0
68 0
69 0
70 0
71 0
72 0
73 0
74 0
76 0
77 24
79 17
80 0
0 0
34 0
67 0
28 51
52 0
75 26
78 0
5 0
5 0
10 0
10 0
15 0
15 0
46 0
46 0
1 0
2 0
3 0
4 0
6 0
7 0
8 0
9 0
11 0
12 0
13 0
14 0
16 0
17 0
18 0
19 0
20 0
21 69
22 0
23 0
24 0
25 32
26 0
27 0
29 0
30 31
31 0
32 0
33 0
35 0
36 0
37 0
38 0
39 0
40 0
41 0
42 0
43 0
44 0
45 0
47 0
48 0
49 0
50 0
53 0
54 0
55 0
56 0
57 0
58 0
59 0
60 0
61 84
62 0
63 0
64 34
65 0
66 0
68 0
69 0
70 0
71 0
72 0
73 0
74 0
76 0
77 24
79 17
80 0
0 0
34 0
67 0
28 51
52 0
75 0
78 0
5 0
5 27
10 0
10 0
15 0
15 0
46 0
46 0
1 0
2 0
3 0
4 0
6 0
7 0
8 0
9 0
11 0
12 0
13 0
14 0
16 0
17 0
18 0
19 0
20 0
21 69
22 0
23 0
24 35
25 0
26 0
27 0
29 0
30 31
31 0
32 0
33 0
35 0
36 0
37 0
38 0
39 0
40 0
41 0
42 0
43 0
44 0
45 0
47 0
48 0
49 0
50 0
53 0
54 0
55 0
56 0
57 0
58 0
59 0
60 0
61 84
62 0
63 48
64 0
65 14
66 0
68 0
69 0
70 0
71 0
72 0
73 0
74 29
76 23
77 0
79 17
80 0
0 0
34 0
67 0
28 0
52 0
75 0
78 0
5 0
5 0
10 0
10 0
15 0
15 0
46 0
46 0
1 0
2 0
3 0
4 0
6 0
7 0
8 0
9 0
11 0
12 0
13 0
14 0
16 0
17 0
18 0
19 0
20 0
21 0
22 0
23 0
24 35
25 0
26 0
27 0
29 0
30 31
31 0
32 0
33 0
35 0
36 0
37 0
38 0
39 0
40 0
41 0
42 0
43 0
44 0
45 0
47 0
48 0
49 0
50 0
53 0
54 0
55 0
56 0
57 0
58 0
59 0
60 67
61 0
62 0
63 48
64 0
65 14
66 0
68 0
69 0
70 0
71 0
72 0
73 0
74 29
76 23
77 0
79 0
80 0
0 0
34 0
67 0
28 0
52 0
75 0
78 30
5 0
5 0
10 0
10 0
15 0
15 0
46 0
46 0
1 0
2 0
3 0
4 0
6 0
7 0
8 0
9 0
11 0
12 0
13 0
14 0
16 0
17 0
18 0
19 0
20 0
21 0
22 0
23 51
24 0
25 0
26 22
27 0
29 39
30 0
31 0
32 17
33 0
35 0
36 0
37 0
38 0
39 0
40 0
41 0
42 0
43 0
44 0
45 0
47 0
48 0
49 0
50 0
53 0
54 0
55 0
56 0
57 0
58 0
59 0
60 67
61 0
62 75
63 0
64 0
65 14
66 0
68 0
69 0
70 0
71 0
72 0
73 0
74 29
76 23
77 0
79 0
80 10
0 0
34 0
67 0
28 0
52 0
75 0
78 30
5 0
5 0
10 0
10 0
15 0
15 0
46 0
46 0
1 0
2 0
3 0
4 0
6 0
7 0
8 0
9 0
11 0
12 0
13 0
14 0
16 0
17 0
18 0
19 0
20 0
21 0
22 0
23 51
24 0
25 0
26 22
27 0
29 39
30 0
31 0
32 17
33 0
35 0
36 0
37 0
38 0
39 0
40 0
41 0
42 0
43 0
44 0
45 0
47 0
48 0
49 0
50 0
53 0
54 0
55 0
56 0
57 0
58 0
59 88
60 0
61 0
62 75
63 0
64 21
65 0
66 0
68 0
69 0
70 0
71 0
72 0
73 28
74 0
76 0
77 0
79 0
80 10
0 0
34 0
67 0
28 0
52 0
75 25
78 0
5 0
5 0
10 0
10 0
15 0
15 0
46 0
46 28
1 0
2 0
3 0
4 0
6 0
7 0
8 0
9 0
11 0
12 0
13 0
14 0
16 0
17 0
18 0
19 0
20 0
21 0
22 72
23 0
24 0
25 0
26 22
27 0
29 39
30 0
31 0
32 17
33 0
35 0
36 0
37 0
38 0
39 0
40 0
41 0
42 0
43 0
44 0
45 0
47 0
48 0
49 0
50 0
53 0
54 0
55 0
56 0
57 0
58 0
59 88
60 0
61 82
62 0
63 0
64 21
65 0
66 0
68 0
69 0
70 0
71 0
72 0
73 28
74 0
76 0
77 25
79 12
80 0
0 0
34 0
67 0
28 0
52 0
75 25
78 0
5 0
5 0
10 0
10 0
15 0
15 0
46 0
46 0
1 0
2 0
3 0
4 0
6 0
7 0
8 0
9 0
11 0
12 0
13 0
14 0
16 0
17 0
18 0
19 0
20 0
21 0
22 72
23 0
24 0
25 29
26 0
27 0
29 0
30 0
31 18
32 0
33 0
35 0
36 0
37 0
38 0
39 0
40 0
41 0
42 0
43 0
44 0
45 0
47 0
48 0
49 0
50 0
53 0
54 0
55 0
56 0
57 0
58 90
59 0
60 0
61 82
62 0
63 0
64 21
65 0
66 0
68 0
69 0
70 0
71 0
72 0
73 28
74 0
76 0
77 25
79 12
80 0
0 0
34 0
67 0
28 43
52 0
75 0
78 0
5 0
5 27
10 0
10 0
15 0
15 0
46 0
46 0
1 0
2 0
3 0
4 0
6 0
7 0
8 0
9 0
11 0
12 0
13 0
14 0
16 0
17 0
18 0
19 0
20 0
21 71
22 0
23 0
24 0
25 29
26 0
27 0
29 0
30 0
31 18
32 0
33 0
35 0
36 0
37 0
38 0
39 0
40 0
41 0
42 0
43 0
44 0
45 0
47 0
48 0
49 0
50 0
53 0
54 0
55 0
56 0
57 0
58 90
59 0
60 0
61 82
62 0
63 39
64 0
65 12
66 0
68 0
69 0
70 0
71 0
72 27
73 0
74 25
76 25
77 0
79 12
80 0
0 0
34 0
67 0
28 43
52 0
75 0
78 0
5 0
5 0
10 0
10 0
15 0
15 0
46 0
46 0
1 0
2 0
3 0
4 0
6 0
7 0
8 0
9 0
11 0
12 0
13 0
14 0
16 0
17 0
18 0
19 0
20 0
21 71
22 0
23 0
24 0
25 29
26 0
27 0
29 0
30 0
31 18
32 0
33 0
35 0
36 0
37 0
38 0
39 0
40 0
41 0
42 0
43 0
44 0
45 0
47 0
48 0
49 0
50 0
53 0
54 0
55 0
56 0
57 0
58 90
59 0
60 82
61 0
62 0
63 39
64 0
65 12
66 0
68 0
69 0
70 0
71 0
72 27
73 0
74 25
76 25
77 0
79 0
80 0
0 0
34 0
67 0
28 43
52 0
75 0
78 25
5 0
5 0
10 0
10 0
15 0
15 0
46 0
46 0
1 0
2 0
3 0
4 0
6 0
7 0
8 0
9 0
11 0
12 0
13 0
14 0
16 0
17 0
18 0
19 0
20 0
21 71
22 0
23 0
24 0
25 29
26 0
27 0
29 0
30 32
31 0
32 0
33 0
35 0
36 0
37 0
38 0
39 0
40 0
41 0
42 0
43 0
44 0
45 0
47 0
48 0
49 0
50 0
53 0
54 0
55 0
56 0
57 151
58 0
59 0
60 82
61 0
62 62
63 0
64 0
65 12
66 0
68 0
69 0
70 0
71 27
72 0
73 0
74 25
76 25
77 0
79 0
80 12
0 0
34 0
67 0
28 43
52 0
75 0
78 25
5 0
5 0
10 0
10 0
15 0
15 0
46 0
46 0
1 0
2 0
3 0
4 0
6 0
7 0
8 0
9 0
11 0
12 0
13 0
14 0
16 0
17 0
18 0
19 0
20 0
21 71
22 0
23 0
24 40
25 0
26 0
27 0
29 0
30 32
31 0
32 0
33 0
35 0
36 0
37 0
38 0
39 0
40 0
41 0
42 0
43 0
44 0
45 0
47 0
48 0
49 0
50 0
53 0
54 0
55 0
56 0
57 151
58 0
59 109
60 0
61 0
62 62
63 0
64 28
65 0
66 0
68 0
69 0
70 0
71 27
72 0
73 29
74 0
76 0
77 0
79 0
80 12
0 0
34 0
67 0
28 0
52 0
75 27
78 0
5 0
5 0
10 0
10 0
15 0
15 0
46 0
46 32
1 0
2 0
3 0
4 0
6 0
7 0
8 0
9 0
11 0
12 0
13 0
14 0
16 0
17 0
18 0
19 0
20 0
21 0
22 0
23 0
24 40
25 0
26 0
27 0
29 0
30 32
31 0
32 0
33 0
35 0
36 0
37 0
38 0
39 0
40 0
41 0
42 0
43 0
44 0
45 0
47 0
48 0
49 0
50 0
53 0
54 0
55 0
56 121
57 0
58 0
59 109
60 0
61 81
62 0
63 0
64 28
65 0
66 0
68 0
69 0
70 0
71 27
72 0
73 29
74 0
76 0
77 25
79 15
80 0
0 0
34 0
67 0
28 0
52 0
75 27
78 0
5 0
5 0
10 0
10 0
15 0
15 0
46 0
46 0
1 0
2 0
3 0
4 0
6 0
7 0
8 0
9 0
11 0
12 0
13 0
14 0
16 0
17 0
18 0
19 0
20 0
21 0
22 0
23 52
24 0
25 0
26 18
27 0
29 41
30 0
31 0
32 26
33 0
35 0
36 0
37 0
38 0
39 0
40 0
41 0
42 0
43 0
44 0
45 0
47 0
48 0
49 0
50 0
53 0
54 0
55 0
56 121
57 0
58 113
59 0
60 0
61 81
62 0
63 0
64 28
65 0
66 0
68 0
69 0
70 27
71 0
72 0
73 29
74 0
76 0
77 25
79 15
80 0
0 0
34 0
67 0
28 0
52 0
75 0
78 0
5 0
5 30
10 0
10 0
15 0
15 0
46 0
46 0
1 0
2 0
3 0
4 0
6 0
7 0
8 0
9 0
11 0
12 0
13 0
14 0
16 0
17 0
18 0
19 0
20 0
21 0
22 0
23 52
24 0
25 0
26 18
27 0
29 41
30 0
31 0
32 26
33 0
35 0
36 0
37 0
38 0
39 0
40 0
41 0
42 0
43 0
44 0
45 0
47 0
48 0
49 0
50 0
53 0
54 0
55 140
56 0
57 0
58 113
59 0
60 0
61 81
62 0
63 44
64 0
65 13
66 0
68 0
69 0
70 27
71 0
72 27
73 0
74 29
76 25
77 0
79 15
80 0
0 0
34 0
67 0
28 0
52 0
75 0
78 0
5 0
5 0
10 0
10 0
15 0
15 0
46 0
46 0
1 0
2 0
3 0
4 0
6 0
7 0
8 0
9 0
11 0
12 0
13 0
14 0
16 0
17 0
18 0
19 0
20 0
21 0
22 78
23 0
24 0
25 0
26 18
27 0
29 41
30 0
31 0
32 26
33 0
35 0
36 0
37 0
38 0
39 0
40 0
41 0
42 0
43 0
44 0
45 0
47 0
48 0
49 0
50 0
53 0
54 0
55 140
56 0
57 0
58 113
59 0
60 78
61 0
62 0
63 44
64 0
65 13
66 0
68 0
69 0
70 27
71 0
72 27
73 0
74 29
76 25
77 0
79 0
80 0
0 0
34 0
67 0
28 0
52 0
75 0
78 28
5 0
5 0
10 0
10 0
15 0
15 0
46 0
46 0
1 0
2 0
3 0
4 0
6 0
7 0
8 0
9 0
11 0
12 0
13 0
14 0
16 0
17 0
18 0
19 0
20 0
21 0
22 78
23 0
24 0
25 23
26 0
27 0
29 0
30 0
31 27
32 0
33 0
35 0
36 0
37 0
38 0
39 0
40 0
41 0
42 0
43 0
44 0
45 0
47 0
48 0
49 0
50 0
53 0
54 0
55 140
56 0
57 158
58 0
59 0
60 78
61 0
62 56
63 0
64 0
65 13
66 0
68 0
69 27
70 0
71 27
72 0
73 0
74 29
76 25
77 0
79 0
80 16
0 0
34 0
67 0
28 41
52 0
75 0
78 28
5 0
5 0
10 0
10 0
15 0
15 0
46 0
46 0
1 0
2 0
3 0
4 0
6 0
7 0
8 0
9 0
11 0
12 0
13 0
14 0
16 0
17 0
18 0
19 0
20 0
21 66
22 0
23 0
24 0
25 23
26 0
27 0
29 0
30 0
31 27
32 0
33 0
35 0
36 0
37 0
38 0
39 0
40 0
41 0
42 0
43 0
44 0
45 0
47 0
48 0
49 0
50 0
53 0
54 128
55 0
56 0
57 158
58 0
59 91
60 0
61 0
62 56
63 0
64 24
65 0
66 0
68 0
69 27
70 0
71 27
72 0
73 30
74 0
76 0
77 0
79 0
80 16
0 0
34 0
67 0
28 41
52 0
75 27
78 0
5 0
5 0
10 0
10 0
15 0
15 0
46 0
46 26
1 0
2 0
3 0
4 0
6 0
7 0
8 0
9 0
11 0
12 0
13 0
14 0
16 0
17 0
18 0
19 0
20 0
21 66
22 0
23 0
24 0
25 23
26 0
27 0
29 0
30 0
31 27
32 0
33 0
35 0
36 0
37 0
38 0
39 0
40 0
41 0
42 0
43 0
44 0
45 0
47 0
48 0
49 0
50 0
53 0
54 128
55 0
56 154
57 0
58 0
59 91
60 0
61 83
62 0
63 0
64 24
65 0
66 0
68 27
69 0
70 0
71 27
72 0
73 30
74 0
76 0
77 20
79 15
80 0
0 0
34 0
67 0
28 41
52 0
75 27
78 0
5 0
5 0
10 0
10 0
15 0
15 0
46 0
46 0
1 0
2 0
3 0
4 0
6 0
7 0
8 0
9 0
11 0
12 0
13 0
14 0
16 0
17 0
18 0
19 0
20 0
21 66
22 0
23 0
24 0
25 23
26 0
27 0
29 0
30 37
31 0
32 0
33 0
35 0
36 0
37 0
38 0
39 0
40 0
41 0
42 0
43 0
44 0
45 0
47 0
48 0
49 0
50 0
53 150
54 0
55 0
56 154
57 0
58 107
59 0
60 0
61 83
62 0
63 0
64 24
65 0
66 0
68 27
69 0
70 27
71 0
72 0
73 30
74 0
76 0
77 20
79 15
80 0
0 0
34 0
67 0
28 41
52 0
75 0
78 0
5 0
5 30
10 0
10 0
15 0
15 0
46 0
46 0
1 0
2 0
3 0
4 0
6 0
7 0
8 0
9 0
11 0
12 0
13 0
14 0
16 0
17 0
18 0
19 0
20 0
21 66
22 0
23 0
24 30
25 0
26 0
27 0
29 0
30 37
31 0
32 0
33 0
35 0
36 0
37 0
38 0
39 0
40 0
41 0
42 0
43 0
44 0
45 0
47 0
48 0
49 0
50 0
53 150
54 0
55 156
56 0
57 0
58 107
59 0
60 0
61 83
62 0
63 40
64 0
65 11
66 0
68 0
69 0
70 27
71 0
72 30
73 0
74 30
76 20
77 0
79 15
80 0
0 0
34 0
67 0
28 0
52 0
75 0
78 0
5 0
5 0
10 0
10 0
15 0
15 0
46 0
46 0
1 0
2 0
3 0
4 0
6 0
7 0
8 0
9 0
11 0
12 0
13 0
14 0
16 0
17 0
18 0
19 0
20 0
21 0
22 0
23 0
24 30
25 0
26 0
27 0
29 0
30 37
31 0
32 0
33 0
35 0
36 0
37 0
38 0
39 0
40 0
41 0
42 0
43 0
44 0
45 0
47 0
48 0
49 0
50 0
53 150
54 0
55 156
56 0
57 0
58 107
59 0
60 69
61 0
62 0
63 40
64 0
65 11
66 0
68 0
69 0
70 27
71 0
72 30
73 0
74 30
76 20
77 0
79 0
80 0
0 0
34 0
67 0
28 0
52 0
75 0
78 31
5 0
5 0
10 0
10 0
15 0
15 0
46 0
46 0
1 0
2 0
3 0
4 0
6 0
7 0
8 0
9 0
11 0
12 0
13 0
14 0
16 0
17 0
18 0
19 0
20 0
21 0
22 0
23 39
24 0
25 0
26 21
27 0
29 41
30 0
31 0
32 22
33 0
35 0
36 0
37 0
38 0
39 0
40 0
41 0
42 0
43 0
44 0
45 0
47 0
48 0
49 0
50 0
53 0
54 0
55 156
56 0
57 123
58 0
59 0
60 69
61 0
62 59
63 0
64 0
65 11
66 0
68 0
69 0
70 0
71 29
72 0
73 0
74 30
76 20
77 0
79 0
80 14
0 0
34 0
67 0
28 0
52 149
75 0
78 31
5 0
5 0
10 0
10 0
15 0
15 0
46 0
46 0
1 0
2 0
3 0
4 0
6 0
7 0
8 0
9 0
11 0
12 0
13 0
14 0
16 0
17 0
18 0
19 0
20 0
21 0
22 0
23 39
24 0
25 0
26 21
27 0
29 41
30 0
31 0
32 22
33 0
35 0
36 0
37 0
38 0
39 0
40 0
41 0
42 0
43 0
44 0
45 0
47 0
48 0
49 0
50 0
53 0
54 148
55 0
56 0
57 123
58 0
59 89
60 0
61 0
62 59
63 0
64 21
65 0
66 0
68 0
69 0
70 0
71 29
72 0
73 29
74 0
76 0
77 0
79 0
80 14
0 0
34 0
67 0
28 0
52 149
75 20
78 0
5 0
5 0
10 0
10 0
15 0
15 0
46 0
46 26
1 0
2 0
3 0
4 0
6 0
7 0
8 0
9 0
11 0
12 0
13 0
14 0
16 0
17 0
18 0
19 0
20 0
21 0
22 81
23 0
24 0
25 0
26 21
27 0
29 41
30 0
31 0
32 22
33 0
35 0
36 0
37 0
38 0
39 0
40 0
41 0
42 0
43 0
44 0
45 0
47 0
48 0
49 0
50 0
53 0
54 148
55 0
56 126
57 0
58 0
59 89
60 0
61 68
62 0
63 0
64 21
65 0
66 0
68 0
69 0
70 0
71 29
72 0
73 29
74 0
76 0
77 21
79 9
80 0
0 0
34 0
67 0
28 0
52 0
75 20
78 0
5 0
5 0
10 0
10 153
15 0
15 0
46 0
46 0
1 0
2 0
3 0
4 0
6 0
7 0
8 0
9 0
11 0
12 0
13 0
14 0
16 0
17 0
18 0
19 0
20 0
21 0
22 81
23 0
24 0
25 23
26 0
27 0
29 0
30 0
31 19
32 0
33 0
35 0
36 0
37 0
38 0
39 0
40 0
41 0
42 0
43 0
44 0
45 0
47 0
48 0
49 0
50 157
53 184
54 0
55 0
56 126
57 0
58 104
59 0
60 0
61 68
62 0
63 0
64 21
65 0
66 0
68 0
69 27
70 30
71 0
72 0
73 29
74 0
76 0
77 21
79 9
80 0
0 0
34 0
67 0
28 41
52 0
75 0
78 0
5 0
5 25
10 0
10 0
15 0
15 0
46 0
46 0
1 0
2 0
3 0
4 0
6 0
7 0
8 0
9 0
11 0
12 0
13 0
14 0
16 0
17 0
18 0
19 0
20 0
21 77
22 0
23 0
24 0
25 23
26 0
27 0
29 0
30 0
31 19
32 0
33 0
35 0
36 0
37 0
38 0
39 0
40 0
41 0
42 0
43 0
44 0
45 0
47 0
48 0
49 0
50 157
53 184
54 0
55 132
56 0
57 0
58 104
59 0
60 0
61 68
62 0
63 45
64 0
65 14
66 0
68 0
69 27
70 30
71 0
72 29
73 0
74 21
76 21
77 0
79 9
80 0
0 0
34 0
67 0
28 41
52 0
75 0
78 0
5 0
5 0
10 0
10 0
15 0
15 0
46 0
46 0
1 0
2 0
3 0
4 0
6 0
7 0
8 0
9 0
11 0
12 0
13 0
14 0
16 0
17 0
18 0
19 0
20 0
21 77
22 0
23 0
24 0
25 23
26 0
27 0
29 0
30 0
31 19
32 0
33 0
35 0
36 0
37 0
38 0
39 0
40 0
41 0
42 0
43 0
44 0
45 0
47 0
48 0
49 167
50 0
53 184
54 0
55 132
56 0
57 0
58 104
59 0
60 71
61 0
62 0
63 45
64 0
65 14
66 0
68 28
69 0
70 30
71 0
72 29
73 0
74 21
76 21
77 0
79 0
80 0
0 0
34 0
67 0
28 41
52 0
75 0
78 21
5 0
5 0
10 0
10 0
15 0
15 0
46 0
46 0
1 0
2 0
3 0
4 0
6 0
7 0
8 0
9 0
11 0
12 0
13 0
14 0
16 0
17 0
18 0
19 0
20 0
21 77
22 0
23 0
24 0
25 23
26 0
27 0
29 0
30 35
31 0
32 0
33 0
35 0
36 0
37 0
38 0
39 0
40 0
41 0
42 0
43 0
44 0
45 0
47 0
48 0
49 167
50 0
53 0
54 0
55 132
56 0
57 154
58 0
59 0
60 71
61 0
62 58
63 0
64 0
65 14
66 0
68 28
69 29
70 0
71 30
72 0
73 0
74 21
76 21
77 0
79 0
80 12
0 0
34 0
67 0
28 41
52 179
75 0
78 21
5 0
5 0
10 0
10 0
15 0
15 0
46 0
46 0
1 0
2 0
3 0
4 0
6 0
7 0
8 0
9 0
11 0
12 0
13 0
14 0
16 0
17 0
18 0
19 0
20 0
21 77
22 0
23 0
24 31
25 0
26 0
27 0
29 0
30 35
31 0
32 0
33 0
35 0
36 0
37 0
38 0
39 0
40 0
41 0
42 0
43 0
44 0
45 0
47 0
48 0
49 167
50 0
53 0
54 118
55 0
56 0
57 154
58 0
59 93
60 0
61 0
62 58
63 0
64 26
65 0
66 0
68 0
69 29
70 0
71 30
72 0
73 22
74 0
76 0
77 0
79 0
80 12
0 0
34 0
67 0
28 0
52 179
75 22
78 0
5 0
5 0
10 0
10 0
15 0
15 0
46 0
46 26
1 0
2 0
3 0
4 0
6 0
7 0
8 0
9 0
11 0
12 0
13 0
14 0
16 0
17 0
18 0
19 0
20 0
21 0
22 0
23 0
24 31
25 0
26 0
27 0
29 0
30 35
31 0
32 0
33 0
35 0
36 0
37 0
38 0
39 0
40 0
41 0
42 0
43 0
44 0
45 0
47 0
48 180
49 0
50 0
53 0
54 118
55 0
56 152
57 0
58 0
59 93
60 0
61 87
62 0
63 0
64 26
65 0
66 0
68 30
69 0
70 0
71 30
72 0
73 22
74 0
76 0
77 21
79 11
80 0
0 0
34 0
67 0
28 0
52 0
75 22
78 0
5 0
5 0
10 0
10 175
15 0
15 0
46 0
46 0
1 0
2 0
3 0
4 0
6 0
7 0
8 0
9 0
11 0
12 0
13 0
14 0
16 0
17 0
18 0
19 0
20 0
21 0
22 0
23 48
24 0
25 0
26 29
27 0
29 45
30 0
31 0
32 22
33 0
35 0
36 0
37 0
38 0
39 0
40 0
41 0
42 0
43 0
44 0
45 0
47 0
48 180
49 0
50 177
53 136
54 0
55 0
56 152
57 0
58 98
59 0
60 0
61 87
62 0
63 0
64 26
65 0
66 0
68 30
69 0
70 30
71 0
72 0
73 22
74 0
76 0
77 21
79 11
80 0
0 0
34 0
67 0
28 0
52 0
75 0
78 0
5 0
5 26
10 0
10 0
15 0
15 0
46 0
46 0
1 0
2 0
3 0
4 0
6 0
7 0
8 0
9 0
11 0
12 0
13 0
14 0
16 0
17 0
18 0
19 0
20 0
21 0
22 0
23 48
24 0
25 0
26 29
27 0
29 45
30 0
31 0
32 22
33 0
35 0
36 0
37 0
38 0
39 0
40 0
41 0
42 0
43 0
44 0
45 0
47 166
48 0
49 0
50 177
53 136
54 0
55 159
56 0
57 0
58 98
59 0
60 0
61 87
62 0
63 34
64 0
65 13
66 0
68 0
69 0
70 30
71 0
72 22
73 0
74 22
76 21
77 0
79 11
80 0
0 0
34 0
67 0
28 0
52 0
75 0
78 0
5 0
5 0
10 0
10 0
15 0
15 0
46 0
46 0
1 0
2 0
3 0
4 0
6 0
7 0
8 0
9 0
11 0
12 0
13 0
14 0
16 0
17 0
18 0
19 0
20 0
21 0
22 77
23 0
24 0
25 0
26 29
27 0
29 45
30 0
31 0
32 22
33 0
35 0
36 0
37 0
38 0
39 0
40 0
41 0
42 0
43 0
44 0
45 0
47 166
48 0
49 186
50 0
53 136
54 0
55 159
56 0
57 0
58 98
59 0
60 79
61 0
62 0
63 34
64 0
65 13
66 0
68 0
69 0
70 30
71 0
72 22
73 0
74 22
76 21
77 0
79 0
80 0
0 0
34 0
67 0
28 0
52 0
75 0
78 27
5 0
5 0
10 0
10 0
15 0
15 0
46 0
46 0
1 0
2 0
3 0
4 0
6 0
7 0
8 0
9 0
11 0
12 0
13 0
14 0
16 0
17 0
18 0
19 0
20 0
21 0
22 77
23 0
24 0
25 40
26 0
27 0
29 0
30 0
31 21
32 0
33 0
35 0
36 0
37 0
38 0
39 0
40 0
41 0
42 0
43 0
44 0
45 0
47 0
48 0
49 186
50 0
53 0
54 0
55 159
56 0
57 136
58 0
59 0
60 79
61 0
62 53
63 0
64 0
65 13
66 0
68 0
69 0
70 0
71 25
72 0
73 0
74 22
76 21
77 0
79 0
80 18
0 0
34 0
67 0
28 41
52 133
75 0
78 27
5 0
5 0
10 0
10 0
15 0
15 0
46 0
46 170
1 0
2 0
3 0
4 0
6 0
7 0
8 0
9 0
11 0
12 0
13 0
14 0
16 0
17 0
18 0
19 0
20 0
21 65
22 0
23 0
24 0
25 40
26 0
27 0
29 0
30 0
31 21
32 0
33 0
35 0
36 0
37 0
38 0
39 0
40 0
41 0
42 0
43 0
44 0
45 174
47 0
48 0
49 186
50 0
53 0
54 151
55 0
56 0
57 136
58 0
59 98
60 0
61 0
62 53
63 0
64 31
65 0
66 0
68 0
69 0
70 0
71 25
72 0
73 25
74 0
76 0
77 0
79 0
80 18
0 0
34 0
67 0
28 41
52 133
75 22
78 0
5 0
5 0
10 0
10 0
15 0
15 0
46 0
46 22
1 0
2 0
3 0
4 0
6 0
7 0
8 0
9 0
11 0
12 0
13 0
14 0
16 0
17 0
18 0
19 0
20 0
21 65
22 0
23 0
24 0
25 40
26 0
27 0
29 0
30 0
31 21
32 0
33 0
35 0
36 0
37 0
38 0
39 0
40 0
41 0
42 0
43 0
44 0
45 174
47 0
48 194
49 0
50 0
53 0
54 151
55 0
56 143
57 0
58 0
59 98
60 0
61 77
62 0
63 0
64 31
65 0
66 0
68 0
69 0
70 0
71 25
72 0
73 25
74 0
76 0
77 20
79 19
80 0
0 0
34 0
67 0
28 41
52 0
75 22
78 0
5 0
5 0
10 0
10 132
15 0
15 0
46 0
46 0
1 0
2 0
3 0
4 0
6 0
7 0
8 0
9 0
11 0
12 0
13 0
14 0
16 0
17 0
18 0
19 0
20 0
21 65
22 0
23 0
24 0
25 40
26 0
27 0
29 0
30 37
31 0
32 0
33 0
35 0
36 0
37 0
38 0
39 0
40 0
41 0
42 0
43 0
44 170
45 0
47 0
48 194
49 0
50 133
53 182
54 0
55 0
56 143
57 0
58 119
59 0
60 0
61 77
62 0
63 0
64 31
65 0
66 0
68 0
69 29
70 22
71 0
72 0
73 25
74 0
76 0
77 20
79 19
80 0
0 0
34 0
67 0
28 41
52 0
75 0
78 0
5 0
5 23
10 0
10 0
15 0
15 0
46 0
46 0
1 0
2 0
3 0
4 0
6 0
7 0
8 0
9 0
11 0
12 0
13 0
14 0
16 0
17 0
18 0
19 0
20 0
21 65
22 0
23 0
24 51
25 0
26 0
27 0
29 0
30 37
31 0
32 0
33 0
35 0
36 0
37 0
38 0
39 0
40 0
41 0
42 0
43 0
44 170
45 0
47 188
48 0
49 0
50 133
53 182
54 0
55 147
56 0
57 0
58 119
59 0
60 0
61 77
62 0
63 42
64 0
65 8
66 0
68 0
69 29
70 22
71 0
72 24
73 0
74 25
76 20
77 0
79 19
80 0
0 0
34 0
67 0
28 0
52 0
75 0
78 0
5 0
5 0
10 0
10 0
15 0
15 0
46 0
46 0
1 0
2 0
3 0
4 0
6 0
7 0
8 0
9 0
11 0
12 0
13 0
14 0
16 0
17 0
18 0
19 0
20 0
21 0
22 0
23 0
24 51
25 0
26 0
27 0
29 0
30 37
31 0
32 0
33 0
35 0
36 0
37 0
38 0
39 0
40 0
41 0
42 0
43 176
44 0
45 0
47 188
48 0
49 142
50 0
53 182
54 0
55 147
56 0
57 0
58 119
59 0
60 75
61 0
62 0
63 42
64 0
65 8
66 0
68 30
69 0
70 22
71 0
72 24
73 0
74 25
76 20
77 0
79 0
80 0
0 0
34 0
67 0
28 0
52 0
75 0
78 35
5 0
5 0
10 0
10 0
15 0
15 0
46 0
46 0
1 0
2 0
3 0
4 0
6 0
7 0
8 0
9 0
11 0
12 0
13 0
14 0
16 0
17 0
18 0
19 0
20 0
21 0
22 0
23 59
24 0
25 0
26 23
27 0
29 46
30 0
31 0
32 21
33 0
35 0
36 0
37 0
38 0
39 0
40 0
41 0
42 0
43 176
44 0
45 0
47 0
48 0
49 142
50 0
53 0
54 0
55 147
56 0
57 166
58 0
59 0
60 75
61 0
62 73
63 0
64 0
65 8
66 0
68 30
69 23
70 0
71 25
72 0
73 0
74 25
76 20
77 0
79 0
80 15
0 0
34 0
67 0
28 0
52 173
75 0
78 35
5 0
5 0
10 0
10 0
15 0
15 0
46 0
46 192
1 0
2 0
3 0
4 0
6 0
7 0
8 0
9 0
11 0
12 0
13 0
14 0
16 0
17 0
18 0
19 0
20 0
21 0
22 0
23 59
24 0
25 0
26 23
27 0
29 46
30 0
31 0
32 21
33 0
35 0
36 0
37 0
38 0
39 0
40 0
41 0
42 177
43 0
44 0
45 190
47 0
48 0
49 142
50 0
53 0
54 138
55 0
56 0
57 166
58 0
59 88
60 0
61 0
62 73
63 0
64 15
65 0
66 0
68 0
69 23
70 0
71 25
72 0
73 23
74 0
76 0
77 0
79 0
80 15
0 0
34 0
67 0
28 0
52 173
75 20
78 0
5 0
5 0
10 0
10 0
15 0
15 0
46 0
46 36
1 0
2 0
3 0
4 0
6 0
7 0
8 0
9 0
11 0
12 0
13 0
14 0
16 0
17 0
18 0
19 0
20 0
21 0
22 79
23 0
24 0
25 0
26 23
27 0
29 46
30 0
31 0
32 21
33 0
35 0
36 0
37 0
38 0
39 0
40 0
41 0
42 177
43 0
44 0
45 190
47 0
48 149
49 0
50 0
53 0
54 138
55 0
56 155
57 0
58 0
59 88
60 0
61 73
62 0
63 0
64 15
65 0
66 0
68 22
69 0
70 0
71 25
72 0
73 23
74 0
76 0
77 30
79 10
80 0
0 0
34 0
67 0
28 0
52 0
75 20
78 0
5 0
5 0
10 0
10 174
15 0
15 0
46 0
46 0
1 0
2 0
3 0
4 0
6 0
7 0
8 0
9 0
11 0
12 0
13 0
14 0
16 0
17 0
18 0
19 0
20 0
21 0
22 79
23 0
24 0
25 35
26 0
27 0
29 0
30 0
31 20
32 0
33 0
35 0
36 0
37 0
38 0
39 0
40 0
41 0
42 177
43 0
44 190
45 0
47 0
48 149
49 0
50 176
53 172
54 0
55 0
56 155
57 0
58 109
59 0
60 0
61 73
62 0
63 0
64 15
65 0
66 0
68 22
69 0
70 23
71 0
72 0
73 23
74 0
76 0
77 30
79 10
80 0
0 0
34 0
67 0
28 48
52 0
75 0
78 0
5 0
5 24
10 0
10 0
15 0
15 0
46 0
46 0
1 0
2 0
3 0
4 0
6 0
7 0
8 0
9 0
11 0
12 0
13 0
14 0
16 0
17 0
18 0
19 0
20 0
21 81
22 0
23 0
24 0
25 35
26 0
27 0
29 0
30 0
31 20
32 0
33 0
35 0
36 0
37 0
38 0
39 0
40 0
41 180
42 0
43 0
44 190
45 0
47 147
48 0
49 0
50 176
53 172
54 0
55 164
56 0
57 0
58 109
59 0
60 0
61 73
62 0
63 51
64 0
65 15
66 0
68 0
69 0
70 23
71 0
72 24
73 0
74 21
76 30
77 0
79 10
80 0
0 0
34 0
67 0
28 48
52 0
75 0
78 0
5 0
5 0
10 0
10 0
15 0
15 0
46 0
46 0
1 0
2 0
3 0
4 0
6 0
7 0
8 0
9 0
11 0
12 0
13 0
14 0
16 0
17 0
18 0
19 0
20 0
21 81
22 0
23 0
24 0
25 35
26 0
27 0
29 0
30 0
31 20
32 0
33 0
35 0
36 0
37 0
38 0
39 0
40 0
41 180
42 0
43 195
44 0
45 0
47 147
48 0
49 185
50 0
53 172
54 0
55 164
56 0
57 0
58 109
59 0
60 71
61 0
62 0
63 51
64 0
65 15
66 0
68 0
69 0
70 23
71 0
72 24
73 0
74 21
76 30
77 0
79 0
80 0
0 0
34 0
67 0
28 48
52 0
75 0
78 27
5 0
5 0
10 0
10 0
15 0
15 0
46 0
46 0
1 0
2 0
3 0
4 0
6 0
7 0
8 0
9 0
11 0
12 0
13 0
14 0
16 0
17 0
18 0
19 0
20 0
21 81
22 0
23 0
24 0
25 35
26 0
27 0
29 0
30 33
31 0
32 0
33 0
35 0
36 0
37 0
38 0
39 0
40 180
41 0
42 0
43 195
44 0
45 0
47 0
48 0
49 185
50 0
53 0
54 0
55 164
56 0
57 163
58 0
59 0
60 71
61 0
62 63
63 0
64 0
65 15
66 0
68 0
69 0
70 0
71 26
72 0
73 0
74 21
76 30
77 0
79 0
80 16
0 0
34 0
67 0
28 48
52 158
75 0
78 27
5 0
5 0
10 0
10 0
15 0
15 0
46 0
46 148
1 0
2 0
3 0
4 0
6 0
7 0
8 0
9 0
11 0
12 0
13 0
14 0
16 0
17 0
18 0
19 0
20 0
21 81
22 0
23 0
24 41
25 0
26 0
27 0
29 0
30 33
31 0
32 0
33 0
35 0
36 0
37 0
38 0
39 0
40 180
41 0
42 197
43 0
44 0
45 146
47 0
48 0
49 185
50 0
53 0
54 148
55 0
56 0
57 163
58 0
59 94
60 0
61 0
62 63
63 0
64 26
65 0
66 0
68 0
69 0
70 0
71 26
72 0
73 23
74 0
76 0
77 0
79 0
80 16
0 0
34 0
67 0
28 0
52 158
75 32
78 0
5 0
5 0
10 0
10 0
15 0
15 0
46 0
46 30
1 0
2 0
3 0
4 0
6 0
7 0
8 0
9 0
11 0
12 0
13 0
14 0
16 0
17 0
18 0
19 0
20 0
21 0
22 0
23 0
24 41
25 0
26 0
27 0
29 0
30 33
31 0
32 0
33 0
35 0
36 0
37 0
38 0
39 0
40 180
41 0
42 197
43 0
44 0
45 146
47 0
48 189
49 0
50 0
53 0
54 148
55 0
56 136
57 0
58 0
59 94
60 0
61 81
62 0
63 0
64 26
65 0
66 0
68 0
69 0
70 0
71 26
72 0
73 23
74 0
76 0
77 24
79 15
80 0
0 0
34 0
67 0
28 0
52 0
75 32
78 0
5 0
5 0
10 0
10 158
15 0
15 0
46 0
46 0
1 0
2 0
3 0
4 0
6 0
7 0
8 0
9 0
11 0
12 0
13 0
14 0
16 0
17 0
18 0
19 0
20 0
21 0
22 0
23 49
24 0
25 0
26 18
27 0
29 40
30 0
31 0
32 26
33 0
35 0
36 0
37 0
38 0
39 181
40 0
41 0
42 197
43 0
44 146
45 0
47 0
48 189
49 0
50 162
53 169
54 0
55 0
56 136
57 0
58 101
59 0
60 0
61 81
62 0
63 0
64 26
65 0
66 0
68 0
69 23
70 23
71 0
72 0
73 23
74 0
76 0
77 24
79 15
80 0
0 0
34 0
67 0
28 0
52 0
75 0
78 0
5 0
5 35
10 0
10 0
15 0
15 0
46 0
46 0
1 0
2 0
3 0
4 0
6 0
7 0
8 0
9 0
11 0
12 0
13 0
14 0
16 0
17 0
18 0
19 0
20 0
21 0
22 0
23 49
24 0
25 0
26 18
27 0
29 40
30 0
31 0
32 26
33 0
35 0
36 0
37 0
38 0
39 181
40 0
41 194
42 0
43 0
44 146
45 0
47 187
48 0
49 0
50 162
53 169
54 0
55 146
56 0
57 0
58 101
59 0
60 0
61 81
62 0
63 39
64 0
65 16
66 0
68 0
69 23
70 23
71 0
72 24
73 0
74 33
76 24
77 0
79 15
80 0
0 0
34 0
67 0
28 0
52 0
75 0
78 0
5 0
5 0
10 0
10 0
15 0
15 0
46 0
46 0
1 0
2 0
3 0
4 0
6 0
7 0
8 0
9 0
11 0
12 0
13 0
14 0
16 0
17 0
18 0
19 0
20 0
21 0
22 81
23 0
24 0
25 0
26 18
27 0
29 40
30 0
31 0
32 26
33 0
35 0
36 0
37 0
38 0
39 181
40 0
41 194
42 0
43 150
44 0
45 0
47 187
48 0
49 167
50 0
53 169
54 0
55 146
56 0
57 0
58 101
59 0
60 68
61 0
62 0
63 39
64 0
65 16
66 0
68 23
69 0
70 23
71 0
72 24
73 0
74 33
76 24
77 0
79 0
80 0
0 0
34 0
67 0
28 0
52 0
75 0
78 28
5 0
5 0
10 0
10 0
15 0
15 0
46 0
46 0
1 0
2 0
3 0
4 0
6 0
7 0
8 0
9 0
11 0
12 0
13 0
14 0
16 0
17 0
18 0
19 0
20 0
21 0
22 81
23 0
24 0
25 27
26 0
27 0
29 0
30 0
31 25
32 0
33 0
35 0
36 0
37 0
38 180
39 0
40 198
41 0
42 0
43 150
44 0
45 0
47 0
48 0
49 167
50 0
53 0
54 0
55 146
56 0
57 139
58 0
59 0
60 68
61 0
62 56
63 0
64 0
65 16
66 0
68 23
69 23
70 0
71 23
72 0
73 0
74 33
76 24
77 0
79 0
80 14
0 0
34 0
67 0
28 39
52 163
75 0
78 28
5 0
5 0
10 0
10 0
15 0
15 0
46 0
46 189
1 0
2 0
3 0
4 0
6 0
7 0
8 0
9 0
11 0
12 0
13 0
14 0
16 0
17 0
18 0
19 0
20 0
21 79
22 0
23 0
24 0
25 27
26 0
27 0
29 0
30 0
31 25
32 0
33 0
35 0
36 0
37 0
38 180
39 0
40 198
41 0
42 153
43 0
44 0
45 190
47 0
48 0
49 167
50 0
53 0
54 139
55 0
56 0
57 139
58 0
59 82
60 0
61 0
62 56
63 0
64 34
65 0
66 0
68 0
69 23
70 0
71 23
72 0
73 35
74 0
76 0
77 0
79 0
80 14
0 0
34 0
67 0
28 39
52 163
75 26
78 0
5 0
5 0
10 0
10 0
15 0
15 0
46 0
46 24
1 0
2 0
3 0
4 0
6 0
7 0
8 0
9 0
11 0
12 0
13 0
14 0
16 0
17 0
18 0
19 0
20 0
21 79
22 0
23 0
24 0
25 27
26 0
27 0
29 0
30 0
31 25
32 0
33 0
35 0
36 0
37 183
38 0
39 0
40 198
41 0
42 153
43 0
44 0
45 190
47 0
48 181
49 0
50 0
53 0
54 139
55 0
56 151
57 0
58 0
59 82
60 0
61 70
62 0
63 0
64 34
65 0
66 0
68 24
69 0
70 0
71 23
72 0
73 35
74 0
76 0
77 22
79 13
80 0
0 0
34 0
67 0
28 39
52 0
75 26
78 0
5 0
5 0
10 0
10 164
15 0
15 0
46 0
46 0
1 0
2 0
3 0
4 0
6 0
7 0
8 0
9 0
11 0
12 0
13 0
14 0
16 0
17 0
18 0
19 0
20 0
21 79
22 0
23 0
24 0
25 27
26 0
27 0
29 0
30 37
31 0
32 0
33 0
35 0
36 0
37 183
38 0
39 196
40 0
41 0
42 153
43 0
44 188
45 0
47 0
48 181
49 0
50 165
53 159
54 0
55 0
56 151
57 0
58 90
59 0
60 0
61 70
62 0
63 0
64 34
65 0
66 0
68 24
69 0
70 27
71 0
72 0
73 35
74 0
76 0
77 22
79 13
80 0
0 0
34 0
67 0
28 39
52 0
75 0
78 0
5 0
5 30
10 0
10 0
15 0
15 0
46 0
46 0
1 0
2 0
3 0
4 0
6 0
7 0
8 0
9 0
11 0
12 0
13 0
14 0
16 0
17 0
18 0
19 0
20 0
21 79
22 0
23 0
24 34
25 0
26 0
27 0
29 0
30 37
31 0
32 0
33 0
35 0
36 0
37 183
38 0
39 196
40 0
41 151
42 0
43 0
44 188
45 0
47 174
48 0
49 0
50 165
53 159
54 0
55 152
56 0
57 0
58 90
59 0
60 0
61 70
62 0
63 48
64 0
65 14
66 0
68 0
69 0
70 27
71 0
72 34
73 0
74 28
76 21
77 0
79 13
80 0
0 0
34 0
67 0
28 0
52 0
75 0
78 0
5 0
5 0
10 0
10 0
15 0
15 0
46 0
46 0
1 0
2 0
3 0
4 0
6 0
7 0
8 0
9 0
11 0
12 0
13 0
14 0
16 0
17 0
18 0
19 0
20 0
21 0
22 0
23 0
24 34
25 0
26 0
27 0
29 0
30 37
31 0
32 0
33 0
35 0
36 0
37 0
38 0
39 196
40 0
41 151
42 0
43 194
44 0
45 0
47 174
48 0
49 179
50 0
53 159
54 0
55 152
56 0
57 0
58 90
59 0
60 73
61 0
62 0
63 48
64 0
65 14
66 0
68 0
69 0
70 27
71 0
72 34
73 0
74 28
76 21
77 0
79 0
80 0
0 0
34 0
67 0
28 0
52 0
75 0
78 38
5 0
5 0
10 0
10 0
15 0
15 0
46 0
46 0
1 0
2 0
3 0
4 0
6 0
7 0
8 0
9 0
11 0
12 0
13 0
14 0
16 0
17 0
18 0
19 0
20 0
21 0
22 0
23 50
24 0
25 0
26 22
27 0
29 49
30 0
31 0
32 18
33 0
35 0
36 0
37 0
38 195
39 0
40 152
41 0
42 0
43 194
44 0
45 0
47 0
48 0
49 179
50 0
53 0
54 0
55 152
56 0
57 116
58 0
59 0
60 73
61 0
62 75
63 0
64 0
65 14
66 0
68 0
69 0
70 0
71 34
72 0
73 0
74 28
76 21
77 0
79 0
80 9
0 0
34 0
67 0
28 0
52 167
75 0
78 38
5 0
5 0
10 0
10 0
15 0
15 0
46 0
46 172
1 0
2 0
3 0
4 0
6 0
7 0
8 0
9 0
11 0
12 0
13 0
14 0
16 0
17 0
18 0
19 0
20 0
21 0
22 0
23 50
24 0
25 0
26 22
27 0
29 49
30 0
31 0
32 18
33 0
35 0
36 0
37 0
38 195
39 0
40 152
41 0
42 198
43 0
44 0
45 172
47 0
48 0
49 179
50 0
53 0
54 139
55 0
56 0
57 116
58 0
59 91
60 0
61 0
62 75
63 0
64 27
65 0
66 0
68 0
69 0
70 0
71 34
72 0
73 29
74 0
76 0
77 0
79 0
80 9
0 0
34 0
67 0
28 0
52 167
75 24
78 0
5 0
5 0
10 0
10 0
15 0
15 0
46 0
46 35
1 0
2 0
3 0
4 0
6 0
7 0
8 0
9 0
11 0
12 0
13 0
14 0
16 0
17 0
18 0
19 0
20 0
21 0
22 71
23 0
24 0
25 0
26 22
27 0
29 49
30 0
31 0
32 18
33 0
35 0
36 180
37 197
38 0
39 0
40 152
41 0
42 198
43 0
44 0
45 172
47 0
48 186
49 0
50 0
53 0
54 139
55 0
56 126
57 0
58 0
59 91
60 0
61 80
62 0
63 0
64 27
65 0
66 0
68 0
69 0
70 0
71 34
72 0
73 29
74 0
76 0
77 27
79 12
80 0
0 0
34 0
67 0
28 0
52 0
75 24
78 0
5 0
5 0
10 0
10 169
15 0
15 0
46 0
46 0
1 0
2 0
3 0
4 0
6 0
7 0
8 0
9 0
11 0
12 0
13 0
14 0
16 0
17 0
18 0
19 0
20 0
21 0
22 71
23 0
24 0
25 29
26 0
27 0
29 0
30 0
31 19
32 0
33 0
35 0
36 180
37 197
38 0
39 153
40 0
41 0
42 198
43 0
44 172
45 0
47 0
48 186
49 0
50 170
53 157
54 0
55 0
56 126
57 0
58 116
59 0
60 0
61 80
62 0
63 0
64 27
65 0
66 0
68 0
69 24
70 36
71 0
72 0
73 29
74 0
76 0
77 27
79 12
80 0
0 0
34 0
67 0
28 47
52 0
75 0
78 0
5 0
5 26
10 0
10 0
15 0
15 0
46 0
46 0
1 0
2 0
3 0
4 0
6 0
7 0
8 0
9 0
11 0
12 0
13 0
14 0
16 0
17 0
18 0
19 0
20 0
21 70
22 0
23 0
24 0
25 29
26 0
27 0
29 0
30 0
31 19
32 0
33 0
35 180
36 0
37 197
38 0
39 153
40 0
41 201
42 0
43 0
44 172
45 0
47 182
48 0
49 0
50 170
53 157
54 0
55 131
56 0
57 0
58 116
59 0
60 0
61 80
62 0
63 59
64 0
65 12
66 0
68 0
69 24
70 36
71 0
72 29
73 0
74 23
76 27
77 0
79 12
80 0
0 0
34 0
67 0
28 47
52 0
75 0
78 0
5 0
5 0
10 0
10 0
15 0
15 0
46 0
46 0
1 0
2 0
3 0
4 0
6 0
7 0
8 0
9 0
11 0
12 0
13 0
14 0
16 0
17 0
18 0
19 0
20 0
21 70
22 0
23 0
24 0
25 29
26 0
27 0
29 0
30 0
31 19
32 0
33 0
35 180
36 0
37 0
38 0
39 153
40 0
41 201
42 0
43 179
44 0
45 0
47 182
48 0
49 183
50 0
53 157
54 0
55 131
56 0
57 0
58 116
59 0
60 78
61 0
62 0
63 59
64 0
65 12
66 0
68 25
69 0
70 36
71 0
72 29
73 0
74 23
76 27
77 0
79 0
80 0
0 0
34 0
67 0
28 47
52 0
75 0
78 23
5 0
5 0
10 0
10 0
15 0
15 0
46 0
46 0
1 0
2 0
3 0
4 0
6 0
7 0
8 0
9 0
11 0
12 0
13 0
14 0
16 0
17 0
18 0
19 0
20 0
21 70
22 0
23 0
24 0
25 29
26 0
27 0
29 0
30 33
31 0
32 0
33 0
35 0
36 0
37 0
38 153
39 0
40 198
41 0
42 0
43 179
44 0
45 0
47 0
48 0
49 183
50 0
53 0
54 0
55 131
56 0
57 139
58 0
59 0
60 78
61 0
62 76
63 0
64 0
65 12
66 0
68 25
69 34
70 0
71 28
72 0
73 0
74 23
76 27
77 0
79 0
80 11
0 0
34 0
67 0
28 47
52 157
75 0
78 23
5 0
5 0
10 0
10 0
15 0
15 0
46 0
46 185
1 0
2 0
3 0
4 0
6 0
7 0
8 0
9 0
11 0
12 0
13 0
14 0
16 0
17 0
18 0
19 0
20 0
21 70
22 0
23 0
24 40
25 0
26 0
27 0
29 0
30 33
31 0
32 0
33 0
35 0
36 0
37 0
38 153
39 0
40 198
41 0
42 177
43 0
44 0
45 185
47 0
48 0
49 183
50 0
53 0
54 124
55 0
56 0
57 139
58 0
59 95
60 0
61 0
62 76
63 0
64 21
65 0
66 0
68 0
69 34
70 0
71 28
72 0
73 27
74 0
76 0
77 0
79 0
80 11
0 0
34 0
67 0
28 0
52 157
75 29
78 0
5 0
5 0
10 0
10 0
15 0
15 0
46 0
46 25
1 0
2 0
3 0
4 0
6 0
7 0
8 0
9 0
11 0
12 0
13 0
14 0
16 0
17 0
18 0
19 0
20 0
21 0
22 0
23 0
24 40
25 0
26 0
27 0
29 0
30 33
31 0
32 0
33 0
35 0
36 195
37 154
38 0
39 0
40 198
41 0
42 177
43 0
44 0
45 185
47 0
48 195
49 0
50 0
53 0
54 124
55 0
56 135
57 0
58 0
59 95
60 0
61 89
62 0
63 0
64 21
65 0
66 0
68 36
69 0
70 0
71 28
72 0
73 27
74 0
76 0
77 22
79 14
80 0
0 0
34 0
67 0
28 0
52 0
75 29
78 0
5 0
5 0
10 0
10 160
15 0
15 0
46 0
46 0
1 0
2 0
3 0
4 0
6 0
7 0
8 0
9 0
11 0
12 0
13 0
14 0
16 0
17 0
18 0
19 0
20 0
21 0
22 0
23 52
24 0
25 0
26 18
27 0
29 42
30 0
31 0
32 26
33 0
35 0
36 195
37 154
38 0
39 198
40 0
41 0
42 177
43 0
44 183
45 0
47 0
48 195
49 0
50 167
53 148
54 0
55 0
56 135
57 0
58 103
59 0
60 0
61 89
62 0
63 0
64 21
65 0
66 0
68 36
69 0
70 29
71 0
72 0
73 27
74 0
76 0
77 22
79 14
80 0
0 0
34 0
67 0
28 0
52 0
75 0
78 0
5 0
5 33
10 0
10 0
15 0
15 0
46 0
46 0
1 0
2 0
3 0
4 0
6 0
7 0
8 0
9 0
11 0
12 0
13 0
14 0
16 0
17 0
18 0
19 0
20 0
21 0
22 0
23 52
24 0
25 0
26 18
27 0
29 42
30 0
31 0
32 26
33 0
35 195
36 0
37 154
38 0
39 198
40 0
41 179
42 0
43 0
44 183
45 0
47 185
48 0
49 0
50 167
53 148
54 0
55 146
56 0
57 0
58 103
59 0
60 0
61 89
62 0
63 42
64 0
65 13
66 0
68 0
69 0
70 29
71 0
72 25
73 0
74 31
76 22
77 0
79 14
80 0
0 0
34 0
67 0
28 0
52 0
75 0
78 0
5 0
5 0
10 0
10 0
15 0
15 0
46 0
46 0
1 0
2 0
3 0
4 0
6 0
7 0
8 0
9 0
11 0
12 0
13 0
14 0
16 0
17 0
18 0
19 0
20 0
21 0
22 78
23 0
24 0
25 0
26 18
27 0
29 42
30 0
31 0
32 26
33 0
35 195
36 0
37 0
38 0
39 198
40 0
41 179
42 0
43 190
44 0
45 0
47 185
48 0
49 176
50 0
53 148
54 0
55 146
56 0
57 0
58 103
59 0
60 86
61 0
62 0
63 42
64 0
65 13
66 0
68 0
69 0
70 29
71 0
72 25
73 0
74 31
76 22
77 0
79 0
80 0
0 0
34 0
67 0
28 0
52 0
75 0
78 26
5 0
5 0
10 0
10 0
15 0
15 0
46 0
46 0
1 0
2 0
3 0
4 0
6 0
7 0
8 0
9 0
11 0
12 0
13 0
14 0
16 0
17 0
18 0
19 0
20 0
21 0
22 78
23 0
24 0
25 23
26 0
27 0
29 0
30 0
31 27
32 0
33 0
35 0
36 0
37 0
38 198
39 0
40 178
41 0
42 0
43 190
44 0
45 0
47 0
48 0
49 176
50 0
53 0
54 0
55 146
56 0
57 148
58 0
59 0
60 86
61 0
62 49
63 0
64 0
65 13
66 0
68 0
69 0
70 0
71 25
72 0
73 0
74 31
76 22
77 0
79 0
80 21
0 0
34 0
67 0
28 42
52 143
75 0
78 26
5 0
5 0
10 0
10 0
15 0
15 0
46 0
46 187
1 0
2 0
3 0
4 0
6 0
7 0
8 0
9 0
11 0
12 0
13 0
14 0
16 0
17 0
18 0
19 0
20 0
21 66
22 0
23 0
24 0
25 23
26 0
27 0
29 0
30 0
31 27
32 0
33 0
35 0
36 0
37 0
38 198
39 0
40 178
41 0
42 192
43 0
44 0
45 189
47 0
48 0
49 176
50 0
53 0
54 130
55 0
56 0
57 148
58 0
59 98
60 0
61 0
62 49
63 0
64 27
65 0
66 0
68 0
69 0
70 0
71 25
72 0
73 32
74 0
76 0
77 0
79 0
80 21
0 0
34 0
67 0
28 42
52 143
75 23
78 0
5 0
5 0
10 0
10 0
15 0
15 0
46 0
46 22
1 0
2 0
3 0
4 0
6 0
7 0
8 0
9 0
11 0
12 0
13 0
14 0
16 0
17 0
18 0
19 0
20 0
21 66
22 0
23 0
24 0
25 23
26 0
27 0
29 0
30 0
31 27
32 0
33 0
35 0
36 152
37 197
38 0
39 0
40 178
41 0
42 192
43 0
44 0
45 189
47 0
48 183
49 0
50 0
53 0
54 130
55 0
56 146
57 0
58 0
59 98
60 0
61 86
62 0
63 0
64 27
65 0
66 0
68 0
69 0
70 0
71 25
72 0
73 32
74 0
76 0
77 15
79 12
80 0
0 0
34 0
67 0
28 42
52 0
75 23
78 0
5 0
5 0
10 0
10 142
15 0
15 0
46 0
46 0
1 0
2 0
3 0
4 0
6 0
7 0
8 0
9 0
11 0
12 0
13 0
14 0
16 0
17 0
18 0
19 0
20 0
21 66
22 0
23 0
24 0
25 23
26 0
27 0
29 0
30 37
31 0
32 0
33 0
35 0
36 152
37 197
38 0
39 181
40 0
41 0
42 192
43 0
44 185
45 0
47 0
48 183
49 0
50 141
53 160
54 0
55 0
56 146
57 0
58 118
59 0
60 0
61 86
62 0
63 0
64 27
65 0
66 0
68 0
69 28
70 25
71 0
72 0
73 32
74 0
76 0
77 15
79 12
80 0
0 0
34 0
67 0
28 42
52 0
75 0
78 0
5 0
5 27
10 0
10 0
15 0
15 0
46 0
46 0
1 0
2 0
3 0
4 0
6 0
7 0
8 0
9 0
11 0
12 0
13 0
14 0
16 0
17 0
18 0
19 0
20 0
21 66
22 0
23 0
24 30
25 0
26 0
27 0
29 0
30 37
31 0
32 0
33 0
35 152
36 0
37 197
38 0
39 181
40 0
41 188
42 0
43 0
44 185
45 0
47 181
48 0
49 0
50 141
53 160
54 0
55 154
56 0
57 0
58 118
59 0
60 0
61 86
62 0
63 36
64 0
65 11
66 0
68 0
69 28
70 25
71 0
72 32
73 0
74 24
76 15
77 0
79 12
80 0
0 0
34 0
67 0
28 0
52 0
75 0
78 0
5 0
5 0
10 0
10 0
15 0
15 0
46 0
46 0
1 0
2 0
3 0
4 0
6 0
7 0
8 0
9 0
11 0
12 0
13 0
14 0
16 0
17 0
18 0
19 0
20 0
21 0
22 0
23 0
24 30
25 0
26 0
27 0
29 0
30 37
31 0
32 0
33 0
35 152
36 0
37 0
38 0
39 181
40 0
41 188
42 0
43 191
44 0
45 0
47 181
48 0
49 154
50 0
53 160
54 0
55 154
56 0
57 0
58 118
59 0
60 62
61 0
62 0
63 36
64 0
65 11
66 0
68 29
69 0
70 25
71 0
72 32
73 0
74 24
76 15
77 0
79 0
80 0
0 0
34 0
67 0
28 0
52 0
75 0
78 28
5 0
5 0
10 0
10 0
15 0
15 0
46 0
46 0
1 0
2 0
3 0
4 0
6 0
7 0
8 0
9 0
11 0
12 0
13 0
14 0
16 0
17 0
18 0
19 0
20 0
21 0
22 0
23 39
24 0
25 0
26 21
27 0
29 41
30 0
31 0
32 22
33 0
35 0
36 0
37 0
38 180
39 0
40 191
41 0
42 0
43 191
44 0
45 0
47 0
48 0
49 154
50 0
53 0
54 0
55 154
56 0
57 133
58 0
59 0
60 62
61 0
62 60
63 0
64 0
65 11
66 0
68 29
69 24
70 0
71 31
72 0
73 0
74 24
76 15
77 0
79 0
80 14
0 0
34 0
67 0
28 0
52 158
75 0
78 28
5 0
5 0
10 0
10 0
15 0
15 0
46 0
46 181
1 0
2 0
3 0
4 0
6 0
7 0
8 0
9 0
11 0
12 0
13 0
14 0
16 0
17 0
18 0
19 0
20 0
21 0
22 0
23 39
24 0
25 0
26 21
27 0
29 41
30 0
31 0
32 22
33 0
35 0
36 0
37 0
38 180
39 0
40 191
41 0
42 193
43 0
44 0
45 183
47 0
48 0
49 154
50 0
53 0
54 140
55 0
56 0
57 133
58 0
59 68
60 0
61 0
62 60
63 0
64 26
65 0
66 0
68 0
69 24
70 0
71 31
72 0
73 25
74 0
76 0
77 0
79 0
80 14
0 0
34 0
67 0
28 0
52 158
75 15
78 0
5 0
5 0
10 0
10 0
15 0
15 0
46 0
46 29
1 0
2 0
3 0
4 0
6 0
7 0
8 0
9 0
11 0
12 0
13 0
14 0
16 0
17 0
18 0
19 0
20 0
21 0
22 81
23 0
24 0
25 0
26 21
27 0
29 41
30 0
31 0
32 22
33 0
35 0
36 198
37 184
38 0
39 0
40 191
41 0
42 193
43 0
44 0
45 183
47 0
48 161
49 0
50 0
53 0
54 140
55 0
56 144
57 0
58 0
59 68
60 0
61 65
62 0
63 0
64 26
65 0
66 0
68 24
69 0
70 0
71 31
72 0
73 25
74 0
76 0
77 21
79 11
80 0
0 0
34 0
67 0
28 0
52 0
75 15
78 0
5 0
5 0
10 0
10 157
15 0
15 0
46 0
46 0
1 0
2 0
3 0
4 0
6 0
7 0
8 0
9 0
11 0
12 0
13 0
14 0
16 0
17 0
18 0
19 0
20 0
21 0
22 81
23 0
24 0
25 23
26 0
27 0
29 0
30 0
31 19
32 0
33 0
35 0
36 198
37 184
38 0
39 191
40 0
41 0
42 193
43 0
44 183
45 0
47 0
48 161
49 0
50 164
53 175
54 0
55 0
56 144
57 0
58 89
59 0
60 0
61 65
62 0
63 0
64 26
65 0
66 0
68 24
69 0
70 32
71 0
72 0
73 25
74 0
76 0
77 21
79 11
80 0
0 0
34 0
67 0
28 41
52 0
75 0
78 0
5 0
5 22
10 0
10 0
15 0
15 0
46 0
46 0
1 0
2 0
3 0
4 0
6 0
7 0
8 0
9 0
11 0
12 0
13 0
14 0
16 0
17 0
18 0
19 0
20 0
21 77
22 0
23 0
24 0
25 23
26 0
27 0
29 0
30 0
31 19
32 0
33 0
35 197
36 0
37 184
38 0
39 191
40 0
41 193
42 0
43 0
44 183
45 0
47 159
48 0
49 0
50 164
53 175
54 0
55 152
56 0
57 0
58 89
59 0
60 0
61 65
62 0
63 56
64 0
65 14
66 0
68 0
69 0
70 32
71 0
72 25
73 0
74 18
76 21
77 0
79 11
80 0
0 0
34 0
67 0
28 41
52 0
75 0
78 0
5 0
5 0
10 0
10 0
15 0
15 0
46 0
46 0
1 0
2 0
3 0
4 0
6 0
7 0
8 0
9 0
11 0
12 0
13 0
14 0
16 0
17 0
18 0
19 0
20 0
21 77
22 0
23 0
24 0
25 23
26 0
27 0
29 0
30 0
31 19
32 0
33 0
35 197
36 0
37 0
38 0
39 191
40 0
41 193
42 0
43 192
44 0
45 0
47 159
48 0
49 173
50 0
53 175
54 0
55 152
56 0
57 0
58 89
59 0
60 68
61 0
62 0
63 56
64 0
65 14
66 0
68 0
69 0
70 32
71 0
72 25
73 0
74 18
76 21
77 0
79 0
80 0
0 0
34 0
67 0
28 41
52 0
75 0
78 23
5 0
5 0
10 0
10 0
15 0
15 0
46 0
46 0
1 0
2 0
3 0
4 0
6 0
7 0
8 0
9 0
11 0
12 0
13 0
14 0
16 0
17 0
18 0
19 0
20 0
21 77
22 0
23 0
24 0
25 23
26 0
27 0
29 0
30 35
31 0
32 0
33 0
35 0
36 0
37 0
38 190
39 0
40 193
41 0
42 0
43 192
44 0
45 0
47 0
48 0
49 173
50 0
53 0
54 0
55 152
56 0
57 142
58 0
59 0
60 68
61 0
62 71
63 0
64 0
65 14
66 0
68 0
69 0
70 0
71 26
72 0
73 0
74 18
76 21
77 0
79 0
80 10
0 0
34 0
67 0
28 41
52 169
75 0
78 23
5 0
5 0
10 0
10 0
15 0
15 0
46 0
46 158
1 0
2 0
3 0
4 0
6 0
7 0
8 0
9 0
11 0
12 0
13 0
14 0
16 0
17 0
18 0
19 0
20 0
21 77
22 0
23 0
24 31
25 0
26 0
27 0
29 0
30 35
31 0
32 0
33 0
35 0
36 0
37 0
38 190
39 0
40 193
41 0
42 189
43 0
44 0
45 159
47 0
48 0
49 173
50 0
53 0
54 139
55 0
56 0
57 142
58 0
59 85
60 0
61 0
62 71
63 0
64 31
65 0
66 0
68 0
69 0
70 0
71 26
72 0
73 19
74 0
76 0
77 0
79 0
80 10
0 0
34 0
67 0
28 0
52 169
75 22
78 0
5 0
5 0
10 0
10 0
15 0
15 0
46 0
46 24
1 0
2 0
3 0
4 0
6 0
7 0
8 0
9 0
11 0
12 0
13 0
14 0
16 0
17 0
18 0
19 0
20 0
21 0
22 0
23 0
24 31
25 0
26 0
27 0
29 0
30 35
31 0
32 0
33 0
35 0
36 181
37 191
38 0
39 0
40 193
41 0
42 189
43 0
44 0
45 159
47 0
48 185
49 0
50 0
53 0
54 139
55 0
56 139
57 0
58 0
59 85
60 0
61 92
62 0
63 0
64 31
65 0
66 0
68 0
69 0
70 0
71 26
72 0
73 19
74 0
76 0
77 19
79 7
80 0
0 0
34 0
67 0
28 0
52 0
75 22
78 0
5 0
5 0
10 0
10 168
15 0
15 0
46 0
46 0
1 0
2 0
3 0
4 0
6 0
7 0
8 0
9 0
11 0
12 0
13 0
14 0
16 0
17 0
18 0
19 0
20 0
21 0
22 0
23 48
24 0
25 0
26 29
27 0
29 45
30 0
31 0
32 22
33 0
35 0
36 181
37 191
38 0
39 193
40 0
41 0
42 189
43 0
44 159
45 0
47 0
48 185
49 0
50 169
53 157
54 0
55 0
56 139
57 0
58 84
59 0
60 0
61 92
62 0
63 0
64 31
65 0
66 0
68 0
69 31
70 26
71 0
72 0
73 19
74 0
76 0
77 19
79 7
80 0
0 0
34 0
67 0
28 0
52 0
75 0
78 0
5 0
5 25
10 0
10 0
15 0
15 0
46 0
46 0
1 0
2 0
3 0
4 0
6 0
7 0
8 0
9 0
11 0
12 0
13 0
14 0
16 0
17 0
18 0
19 0
20 0
21 0
22 0
23 48
24 0
25 0
26 29
27 0
29 45
30 0
31 0
32 22
33 0
35 180
36 0
37 191
38 0
39 193
40 0
41 193
42 0
43 0
44 159
45 0
47 173
48 0
49 0
50 169
53 157
54 0
55 140
56 0
57 0
58 84
59 0
60 0
61 92
62 0
63 41
64 0
65 13
66 0
68 0
69 31
70 26
71 0
72 19
73 0
74 23
76 19
77 0
79 7
80 0
0 0
34 0
67 0
28 0
52 0
75 0
78 0
5 0
5 0
10 0
10 0
15 0
15 0
46 0
46 0
1 0
2 0
3 0
4 0
6 0
7 0
8 0
9 0
11 0
12 0
13 0
14 0
16 0
17 0
18 0
19 0
20 0
21 0
22 77
23 0
24 0
25 0
26 29
27 0
29 45
30 0
31 0
32 22
33 0
35 180
36 0
37 0
38 0
39 193
40 0
41 193
42 0
43 164
44 0
45 0
47 173
48 0
49 180
50 0
53 157
54 0
55 140
56 0
57 0
58 84
59 0
60 85
61 0
62 0
63 41
64 0
65 13
66 0
68 31
69 0
70 26
71 0
72 19
73 0
74 23
76 19
77 0
79 0
80 0
0 0
34 0
67 0
28 0
52 0
75 0
78 23
5 0
5 0
10 0
10 0
15 0
15 0
46 0
46 0
1 0
2 0
3 0
4 0
6 0
7 0
8 0
9 0
11 0
12 0
13 0
14 0
16 0
17 0
18 0
19 0
20 0
21 0
22 77
23 0
24 0
25 40
26 0
27 0
29 0
30 0
31 21
32 0
33 0
35 0
36 0
37 0
38 194
39 0
40 189
41 0
42 0
43 164
44 0
45 0
47 0
48 0
49 180
50 0
53 0
54 0
55 140
56 0
57 125
58 0
59 0
60 85
61 0
62 65
63 0
64 0
65 13
66 0
68 31
69 25
70 0
71 22
72 0
73 0
74 23
76 19
77 0
79 0
80 18
0 0
34 0
67 0
28 41
52 154
75 0
78 23
5 0
5 0
10 0
10 0
15 0
15 0
46 0
46 176
1 0
2 0
3 0
4 0
6 0
7 0
8 0
9 0
11 0
12 0
13 0
14 0
16 0
17 0
18 0
19 0
20 0
21 65
22 0
23 0
24 0
25 40
26 0
27 0
29 0
30 0
31 21
32 0
33 0
35 0
36 0
37 0
38 194
39 0
40 189
41 0
42 162
43 0
44 0
45 179
47 0
48 0
49 180
50 0
53 0
54 133
55 0
56 0
57 125
58 0
59 102
60 0
61 0
62 65
63 0
64 23
65 0
66 0
68 0
69 25
70 0
71 22
72 0
73 26
74 0
76 0
77 0
79 0
80 18
0 0
34 0
67 0
28 41
52 154
75 20
78 0
5 0
5 0
10 0
10 0
15 0
15 0
46 0
46 21
1 0
2 0
3 0
4 0
6 0
7 0
8 0
9 0
11 0
12 0
13 0
14 0
16 0
17 0
18 0
19 0
20 0
21 65
22 0
23 0
24 0
25 40
26 0
27 0
29 0
30 0
31 21
32 0
33 0
35 0
36 190
37 193
38 0
39 0
40 189
41 0
42 162
43 0
44 0
45 179
47 0
48 186
49 0
50 0
53 0
54 133
55 0
56 138
57 0
58 0
59 102
60 0
61 94
62 0
63 0
64 23
65 0
66 0
68 26
69 0
70 0
71 22
72 0
73 26
74 0
76 0
77 16
79 19
80 0
0 0
34 0
67 0
28 41
52 0
75 20
78 0
5 0
5 0
10 0
10 153
15 0
15 0
46 0
46 0
1 0
2 0
3 0
4 0
6 0
7 0
8 0
9 0
11 0
12 0
13 0
14 0
16 0
17 0
18 0
19 0
20 0
21 65
22 0
23 0
24 0
25 40
26 0
27 0
29 0
30 37
31 0
32 0
33 0
35 0
36 190
37 193
38 0
39 191
40 0
41 0
42 162
43 0
44 175
45 0
47 0
48 186
49 0
50 155
53 164
54 0
55 0
56 138
57 0
58 136
59 0
60 0
61 94
62 0
63 0
64 23
65 0
66 0
68 26
69 0
70 19
71 0
72 0
73 26
74 0
76 0
77 16
79 19
80 0
0 0
34 0
67 0
28 41
52 0
75 0
78 0
5 0
5 24
10 0
10 0
15 0
15 0
46 0
46 0
1 0
2 0
3 0
4 0
6 0
7 0
8 0
9 0
11 0
12 0
13 0
14 0
16 0
17 0
18 0
19 0
20 0
21 65
22 0
23 0
24 51
25 0
26 0
27 0
29 0
30 37
31 0
32 0
33 0
35 190
36 0
37 193
38 0
39 191
40 0
41 164
42 0
43 0
44 175
45 0
47 180
48 0
49 0
50 155
53 164
54 0
55 144
56 0
57 0
58 136
59 0
60 0
61 94
62 0
63 38
64 0
65 9
66 0
68 0
69 0
70 19
71 0
72 25
73 0
74 24
76 16
77 0
79 19
80 0
0 0
34 0
67 0
28 0
52 0
75 0
78 0
5 0
5 0
10 0
10 0
15 0
15 0
46 0
46 0
1 0
2 0
3 0
4 0
6 0
7 0
8 0
9 0
11 0
12 0
13 0
14 0
16 0
17 0
18 0
19 0
20 0
21 0
22 0
23 0
24 51
25 0
26 0
27 0
29 0
30 37
31 0
32 0
33 0
35 190
36 0
37 0
38 0
39 191
40 0
41 164
42 0
43 181
44 0
45 0
47 180
48 0
49 169
50 0
53 164
54 0
55 144
56 0
57 0
58 136
59 0
60 92
61 0
62 0
63 38
64 0
65 9
66 0
68 0
69 0
70 19
71 0
72 25
73 0
74 24
76 16
77 0
79 0
80 0
0 0
34 0
67 0
28 0
52 0
75 0
78 35
5 0
5 0
10 0
10 0
15 0
15 0
46 0
46 0
1 0
2 0
3 0
4 0
6 0
7 0
8 0
9 0
11 0
12 0
13 0
14 0
16 0
17 0
18 0
19 0
20 0
21 0
22 0
23 59
24 0
25 0
26 23
27 0
29 46
30 0
31 0
32 21
33 0
35 0
36 0
37 0
38 191
39 0
40 163
41 0
42 0
43 181
44 0
45 0
47 0
48 0
49 169
50 0
53 0
54 0
55 144
56 0
57 170
58 0
59 0
60 92
61 0
62 72
63 0
64 0
65 9
66 0
68 0
69 0
70 0
71 26
72 0
73 0
74 24
76 16
77 0
79 0
80 15
0 0
34 0
67 0
28 0
52 156
75 0
78 35
5 0
5 0
10 0
10 0
15 0
15 0
46 0
46 184
1 0
2 0
3 0
4 0
6 0
7 0
8 0
9 0
11 0
12 0
13 0
14 0
16 0
17 0
18 0
19 0
20 0
21 0
22 0
23 59
24 0
25 0
26 23
27 0
29 46
30 0
31 0
32 21
33 0
35 0
36 0
37 0
38 191
39 0
40 163
41 0
42 181
43 0
44 0
45 184
47 0
48 0
49 169
50 0
53 0
54 135
55 0
56 0
57 170
58 0
59 105
60 0
61 0
62 72
63 0
64 16
65 0
66 0
68 0
69 0
70 0
71 26
72 0
73 22
74 0
76 0
77 0
79 0
80 15
0 0
34 0
67 0
28 0
52 156
75 16
78 0
5 0
5 0
10 0
10 0
15 0
15 0
46 0
46 36
1 0
2 0
3 0
4 0
6 0
7 0
8 0
9 0
11 0
12 0
13 0
14 0
16 0
17 0
18 0
19 0
20 0
21 0
22 79
23 0
24 0
25 0
26 23
27 0
29 46
30 0
31 0
32 21
33 0
35 0
36 193
37 191
38 0
39 0
40 163
41 0
42 181
43 0
44 0
45 184
47 0
48 172
49 0
50 0
53 0
54 135
55 0
56 159
57 0
58 0
59 105
60 0
61 62
62 0
63 0
64 16
65 0
66 0
68 0
69 0
70 0
71 26
72 0
73 22
74 0
76 0
77 30
79 10
80 0
0 0
34 0
67 0
28 0
52 0
75 16
78 0
5 0
5 0
10 0
10 156
15 0
15 0
46 0
46 0
1 0
2 0
3 0
4 0
6 0
7 0
8 0
9 0
11 0
12 0
13 0
14 0
16 0
17 0
18 0
19 0
20 0
21 0
22 79
23 0
24 0
25 35
26 0
27 0
29 0
30 0
31 20
32 0
33 0
35 0
36 193
37 191
38 0
39 164
40 0
41 0
42 181
43 0
44 182
45 0
47 0
48 172
49 0
50 158
53 169
54 0
55 0
56 159
57 0
58 131
59 0
60 0
61 62
62 0
63 0
64 16
65 0
66 0
68 0
69 19
70 24
71 0
72 0
73 22
74 0
76 0
77 30
79 10
80 0
0 0
34 0
67 0
28 48
52 0
75 0
78 0
5 0
5 19
10 0
10 0
15 0
15 0
46 0
46 0
1 0
2 0
3 0
4 0
6 0
7 0
8 0
9 0
11 0
12 0
13 0
14 0
16 0
17 0
18 0
19 0
20 0
21 81
22 0
23 0
24 0
25 35
26 0
27 0
29 0
30 0
31 20
32 0
33 0
35 193
36 0
37 191
38 0
39 164
40 0
41 184
42 0
43 0
44 182
45 0
47 170
48 0
49 0
50 158
53 169
54 0
55 168
56 0
57 0
58 131
59 0
60 0
61 62
62 0
63 47
64 0
65 15
66 0
68 0
69 19
70 24
71 0
72 23
73 0
74 17
76 30
77 0
79 10
80 0
0 0
34 0
67 0
28 48
52 0
75 0
78 0
5 0
5 0
10 0
10 0
15 0
15 0
46 0
46 0
1 0
2 0
3 0
4 0
6 0
7 0
8 0
9 0
11 0
12 0
13 0
14 0
16 0
17 0
18 0
19 0
20 0
21 81
22 0
23 0
24 0
25 35
26 0
27 0
29 0
30 0
31 20
32 0
33 0
35 193
36 0
37 0
38 0
39 164
40 0
41 184
42 0
43 187
44 0
45 0
47 170
48 0
49 167
50 0
53 169
54 0
55 168
56 0
57 0
58 131
59 0
60 67
61 0
62 0
63 47
64 0
65 15
66 0
68 19
69 0
70 24
71 0
72 23
73 0
74 17
76 30
77 0
79 0
80 0
0 0
34 0
67 0
28 48
52 0
75 0
78 31
5 0
5 0
10 0
10 0
15 0
15 0
46 0
46 0
1 0
2 0
3 0
4 0
6 0
7 0
8 0
9 0
11 0
12 0
13 0
14 0
16 0
17 0
18 0
19 0
20 0
21 81
22 0
23 0
24 0
25 35
26 0
27 0
29 0
30 33
31 0
32 0
33 0
35 0
36 0
37 0
38 164
39 0
40 185
41 0
42 0
43 187
44 0
45 0
47 0
48 0
49 167
50 0
53 0
54 0
55 168
56 0
57 185
58 0
59 0
60 67
61 0
62 58
63 0
64 0
65 15
66 0
68 19
69 24
70 0
71 25
72 0
73 0
74 17
76 30
77 0
79 0
80 16
0 0
34 0
67 0
28 48
52 155
75 0
78 31
5 0
5 0
10 0
10 0
15 0
15 0
46 0
46 170
1 0
2 0
3 0
4 0
6 0
7 0
8 0
9 0
11 0
12 0
13 0
14 0
16 0
17 0
18 0
19 0
20 0
21 81
22 0
23 0
24 41
25 0
26 0
27 0
29 0
30 33
31 0
32 0
33 0
35 0
36 0
37 0
38 164
39 0
40 185
41 0
42 189
43 0
44 0
45 169
47 0
48 0
49 167
50 0
53 0
54 152
55 0
56 0
57 185
58 0
59 80
60 0
61 0
62 58
63 0
64 22
65 0
66 0
68 0
69 24
70 0
71 25
72 0
73 19
74 0
76 0
77 0
79 0
80 16
0 0
34 0
67 0
28 0
52 155
75 32
78 0
5 0
5 0
10 0
10 0
15 0
15 0
46 0
46 38
1 0
2 0
3 0
4 0
6 0
7 0
8 0
9 0
11 0
12 0
13 0
14 0
16 0
17 0
18 0
19 0
20 0
21 0
22 0
23 0
24 41
25 0
26 0
27 0
29 0
30 33
31 0
32 0
33 0
35 0
36 191
37 163
38 0
39 0
40 185
41 0
42 189
43 0
44 0
45 169
47 0
48 171
49 0
50 0
53 0
54 152
55 0
56 158
57 0
58 0
59 80
60 0
61 76
62 0
63 0
64 22
65 0
66 0
68 26
69 0
70 0
71 25
72 0
73 19
74 0
76 0
77 29
79 15
80 0
0 0
34 0
67 0
28 0
52 0
75 32
78 0
5 0
5 0
10 0
10 156
15 0
15 0
46 0
46 0
1 0
2 0
3 0
4 0
6 0
7 0
8 0
9 0
11 0
12 0
13 0
14 0
16 0
17 0
18 0
19 0
20 0
21 0
22 0
23 49
24 0
25 0
26 18
27 0
29 40
30 0
31 0
32 26
33 0
35 0
36 191
37 163
38 0
39 188
40 0
41 0
42 189
43 0
44 169
45 0
47 0
48 171
49 0
50 160
53 173
54 0
55 0
56 158
57 0
58 93
59 0
60 0
61 76
62 0
63 0
64 22
65 0
66 0
68 26
69 0
70 22
71 0
72 0
73 19
74 0
76 0
77 29
79 15
80 0
0 0
34 0
67 0
28 0
52 0
75 0
78 0
5 0
5 36
10 0
10 0
15 0
15 0
46 0
46 0
1 0
2 0
3 0
4 0
6 0
7 0
8 0
9 0
11 0
12 0
13 0
14 0
16 0
17 0
18 0
19 0
20 0
21 0
22 0
23 49
24 0
25 0
26 18
27 0
29 40
30 0
31 0
32 26
33 0
35 190
36 0
37 163
38 0
39 188
40 0
41 186
42 0
43 0
44 169
45 0
47 169
48 0
49 0
50 160
53 173
54 0
55 168
56 0
57 0
58 93
59 0
60 0
61 76
62 0
63 38
64 0
65 16
66 0
68 0
69 0
70 22
71 0
72 20
73 0
74 32
76 29
77 0
79 15
80 0
0 0
34 0
67 0
28 0
52 0
75 0
78 0
5 0
5 0
10 0
10 0
15 0
15 0
46 0
46 0
1 0
2 0
3 0
4 0
6 0
7 0
8 0
9 0
11 0
12 0
13 0
14 0
16 0
17 0
18 0
19 0
20 0
21 0
22 81
23 0
24 0
25 0
26 18
27 0
29 40
30 0
31 0
32 26
33 0
35 190
36 0
37 0
38 0
39 188
40 0
41 186
42 0
43 173
44 0
45 0
47 169
48 0
49 165
50 0
53 173
54 0
55 168
56 0
57 0
58 93
59 0
60 63
61 0
62 0
63 38
64 0
65 16
66 0
68 0
69 0
70 22
71 0
72 20
73 0
74 32
76 29
77 0
79 0
80 0
0 0
34 0
67 0
28 0
52 0
75 0
78 28
5 0
5 0
10 0
10 0
15 0
15 0
46 0
46 0
1 0
2 0
3 0
4 0
6 0
7 0
8 0
9 0
11 0
12 0
13 0
14 0
16 0
17 0
18 0
19 0
20 0
21 0
22 81
23 0
24 0
25 27
26 0
27 0
29 0
30 0
31 25
32 0
33 0
35 0
36 0
37 0
38 187
39 0
40 190
41 0
42 0
43 173
44 0
45 0
47 0
48 0
49 165
50 0
53 0
54 0
55 168
56 0
57 131
58 0
59 0
60 63
61 0
62 56
63 0
64 0
65 16
66 0
68 0
69 0
70 0
71 19
72 0
73 0
74 32
76 29
77 0
79 0
80 14
0 0
34 0
67 0
28 39
52 167
75 0
78 28
5 0
5 0
10 0
10 0
15 0
15 0
46 0
46 171
1 0
2 0
3 0
4 0
6 0
7 0
8 0
9 0
11 0
12 0
13 0
14 0
16 0
17 0
18 0
19 0
20 0
21 79
22 0
23 0
24 0
25 27
26 0
27 0
29 0
30 0
31 25
32 0
33 0
35 0
36 0
37 0
38 187
39 0
40 190
41 0
42 176
43 0
44 0
45 172
47 0
48 0
49 165
50 0
53 0
54 161
55 0
56 0
57 131
58 0
59 77
60 0
61 0
62 56
63 0
64 34
65 0
66 0
68 0
69 0
70 0
71 19
72 0
73 34
74 0
76 0
77 0
79 0
80 14
0 0
34 0
67 0
28 39
52 167
75 31
78 0
5 0
5 0
10 0
10 0
15 0
15 0
46 0
46 24
1 0
2 0
3 0
4 0
6 0
7 0
8 0
9 0
11 0
12 0
13 0
14 0
16 0
17 0
18 0
19 0
20 0
21 79
22 0
23 0
24 0
25 27
26 0
27 0
29 0
30 0
31 25
32 0
33 0
35 0
36 163
37 188
38 0
39 0
40 190
41 0
42 176
43 0
44 0
45 172
47 0
48 179
49 0
50 0
53 0
54 161
55 0
56 143
57 0
58 0
59 77
60 0
61 70
62 0
63 0
64 34
65 0
66 0
68 0
69 0
70 0
71 19
72 0
73 34
74 0
76 0
77 22
79 13
80 0
0 0
34 0
67 0
28 39
52 0
75 31
78 0
5 0
5 0
10 0
10 170
15 0
15 0
46 0
46 0
1 0
2 0
3 0
4 0
6 0
7 0
8 0
9 0
11 0
12 0
13 0
14 0
16 0
17 0
18 0
19 0
20 0
21 79
22 0
23 0
24 0
25 27
26 0
27 0
29 0
30 37
31 0
32 0
33 0
35 0
36 163
37 188
38 0
39 188
40 0
41 0
42 176
43 0
44 170
45 0
47 0
48 179
49 0
50 170
53 181
54 0
55 0
56 143
57 0
58 89
59 0
60 0
61 70
62 0
63 0
64 34
65 0
66 0
68 0
69 23
70 23
71 0
72 0
73 34
74 0
76 0
77 22
79 13
80 0
0 0
34 0
67 0
28 39
52 0
75 0
78 0
5 0
5 34
10 0
10 0
15 0
15 0
46 0
46 0
1 0
2 0
3 0
4 0
6 0
7 0
8 0
9 0
11 0
12 0
13 0
14 0
16 0
17 0
18 0
19 0
20 0
21 79
22 0
23 0
24 34
25 0
26 0
27 0
29 0
30 37
31 0
32 0
33 0
35 163
36 0
37 188
38 0
39 188
40 0
41 174
42 0
43 0
44 170
45 0
47 172
48 0
49 0
50 170
53 181
54 0
55 144
56 0
57 0
58 89
59 0
60 0
61 70
62 0
63 48
64 0
65 15
66 0
68 0
69 23
70 23
71 0
72 33
73 0
74 32
76 21
77 0
79 13
80 0
0 0
34 0
67 0
28 0
52 0
75 0
78 0
5 0
5 0
10 0
10 0
15 0
15 0
46 0
46 0
1 0
2 0
3 0
4 0
6 0
7 0
8 0
9 0
11 0
12 0
13 0
14 0
16 0
17 0
18 0
19 0
20 0
21 0
22 0
23 0
24 34
25 0
26 0
27 0
29 0
30 37
31 0
32 0
33 0
35 163
36 0
37 0
38 0
39 188
40 0
41 174
42 0
43 176
44 0
45 0
47 172
48 0
49 184
50 0
53 181
54 0
55 144
56 0
57 0
58 89
59 0
60 73
61 0
62 0
63 48
64 0
65 15
66 0
68 24
69 0
70 23
71 0
72 33
73 0
74 32
76 21
77 0
79 0
80 0
0 0
34 0
67 0
28 0
52 0
75 0
78 38
5 0
5 0
10 0
10 0
15 0
15 0
46 0
46 0
1 0
2 0
3 0
4 0
6 0
7 0
8 0
9 0
11 0
12 0
13 0
14 0
16 0
17 0
18 0
19 0
20 0
21 0
22 0
23 50
24 0
25 0
26 22
27 0
29 49
30 0
31 0
32 18
33 0
35 0
36 0
37 0
38 187
39 0
40 175
41 0
42 0
43 176
44 0
45 0
47 0
48 0
49 184
50 0
53 0
54 0
55 144
56 0
57 115
58 0
59 0
60 73
61 0
62 75
63 0
64 0
65 15
66 0
68 24
69 20
70 0
71 33
72 0
73 0
74 32
76 21
77 0
79 0
80 9
0 0
34 0
67 0
28 0
52 189
75 0
78 38
5 0
5 0
10 0
10 0
15 0
15 0
46 0
46 170
1 0
2 0
3 0
4 0
6 0
7 0
8 0
9 0
11 0
12 0
13 0
14 0
16 0
17 0
18 0
19 0
20 0
21 0
22 0
23 50
24 0
25 0
26 22
27 0
29 49
30 0
31 0
32 18
33 0
35 0
36 0
37 0
38 187
39 0
40 175
41 0
42 180
43 0
44 0
45 170
47 0
48 0
49 184
50 0
53 0
54 131
55 0
56 0
57 115
58 0
59 91
60 0
61 0
62 75
63 0
64 27
65 0
66 0
68 0
69 20
70 0
71 33
72 0
73 33
74 0
76 0
77 0
79 0
80 9
0 0
34 0
67 0
28 0
52 189
75 24
78 0
5 0
5 0
10 0
10 0
15 0
15 0
46 0
46 35
1 0
2 0
3 0
4 0
6 0
7 0
8 0
9 0
11 0
12 0
13 0
14 0
16 0
17 0
18 0
19 0
20 0
21 0
22 71
23 0
24 0
25 0
26 22
27 0
29 49
30 0
31 0
32 18
33 0
35 0
36 187
37 189
38 0
39 0
40 175
41 0
42 180
43 0
44 0
45 170
47 0
48 191
49 0
50 0
53 0
54 131
55 0
56 125
57 0
58 0
59 91
60 0
61 80
62 0
63 0
64 27
65 0
66 0
68 20
69 0
70 0
71 33
72 0
73 33
74 0
76 0
77 27
79 12
80 0
0 0
34 0
67 0
28 0
52 0
75 24
78 0
5 0
5 0
10 0
10 187
15 0
15 0
46 0
46 0
1 0
2 0
3 0
4 0
6 0
7 0
8 0
9 0
11 0
12 0
13 0
14 0
16 0
17 0
18 0
19 0
20 0
21 0
22 71
23 0
24 0
25 29
26 0
27 0
29 0
30 0
31 19
32 0
33 0
35 0
36 187
37 189
38 0
39 176
40 0
41 0
42 180
43 0
44 170
45 0
47 0
48 191
49 0
50 190
53 149
54 0
55 0
56 125
57 0
58 116
59 0
60 0
61 80
62 0
63 0
64 27
65 0
66 0
68 20
69 0
70 35
71 0
72 0
73 33
74 0
76 0
77 27
79 12
80 0
0 0
34 0
67 0
28 47
52 0
75 0
78 0
5 0
5 26
10 0
10 0
15 0
15 0
46 0
46 0
1 0
2 0
3 0
4 0
6 0
7 0
8 0
9 0
11 0
12 0
13 0
14 0
16 0
17 0
18 0
19 0
20 0
21 70
22 0
23 0
24 0
25 29
26 0
27 0
29 0
30 0
31 19
32 0
33 0
35 187
36 0
37 189
38 0
39 176
40 0
41 183
42 0
43 0
44 170
45 0
47 187
48 0
49 0
50 190
53 149
54 0
55 130
56 0
57 0
58 116
59 0
60 0
61 80
62 0
63 59
64 0
65 12
66 0
68 0
69 0
70 35
71 0
72 33
73 0
74 23
76 27
77 0
79 12
80 0
0 0
34 0
67 0
28 47
52 0
75 0
78 0
5 0
5 0
10 0
10 0
15 0
15 0
46 0
46 0
1 0
2 0
3 0
4 0
6 0
7 0
8 0
9 0
11 0
12 0
13 0
14 0
16 0
17 0
18 0
19 0
20 0
21 70
22 0
23 0
24 0
25 29
26 0
27 0
29 0
30 0
31 19
32 0
33 0
35 187
36 0
37 0
38 0
39 176
40 0
41 183
42 0
43 177
44 0
45 0
47 187
48 0
49 203
50 0
53 149
54 0
55 130
56 0
57 0
58 116
59 0
60 78
61 0
62 0
63 59
64 0
65 12
66 0
68 0
69 0
70 35
71 0
72 33
73 0
74 23
76 27
77 0
79 0
80 0
0 0
34 0
67 0
28 47
52 0
75 0
78 23
5 0
5 0
10 0
10 0
15 0
15 0
46 0
46 0
1 0
2 0
3 0
4 0
6 0
7 0
8 0
9 0
11 0
12 0
13 0
14 0
16 0
17 0
18 0
19 0
20 0
21 70
22 0
23 0
24 0
25 29
26 0
27 0
29 0
30 33
31 0
32 0
33 0
35 0
36 0
37 0
38 176
39 0
40 180
41 0
42 0
43 177
44 0
45 0
47 0
48 0
49 203
50 0
53 0
54 0
55 130
56 0
57 139
58 0
59 0
60 78
61 0
62 76
63 0
64 0
65 12
66 0
68 0
69 0
70 0
71 32
72 0
73 0
74 23
76 27
77 0
79 0
80 11
0 0
34 0
67 0
28 47
52 151
75 0
78 23
5 0
5 0
10 0
10 0
15 0
15 0
46 0
46 190
1 0
2 0
3 0
4 0
6 0
7 0
8 0
9 0
11 0
12 0
13 0
14 0
16 0
17 0
18 0
19 0
20 0
21 70
22 0
23 0
24 40
25 0
26 0
27 0
29 0
30 33
31 0
32 0
33 0
35 0
36 0
37 0
38 176
39 0
40 180
41 0
42 175
43 0
44 0
45 190
47 0
48 0
49 203
50 0
53 0
54 123
55 0
56 0
57 139
58 0
59 95
60 0
61 0
62 76
63 0
64 21
65 0
66 0
68 0
69 0
70 0
71 32
72 0
73 27
74 0
76 0
77 0
79 0
80 11
0 0
34 0
67 0
28 0
52 151
75 29
78 0
5 0
5 0
10 0
10 0
15 0
15 0
46 0
46 25
1 0
2 0
3 0
4 0
6 0
7 0
8 0
9 0
11 0
12 0
13 0
14 0
16 0
17 0
18 0
19 0
20 0
21 0
22 0
23 0
24 40
25 0
26 0
27 0
29 0
30 33
31 0
32 0
33 0
35 0
36 187
37 177
38 0
39 0
40 180
41 0
42 175
43 0
44 0
45 190
47 0
48 215
49 0
50 0
53 0
54 123
55 0
56 135
57 0
58 0
59 95
60 0
61 89
62 0
63 0
64 21
65 0
66 0
68 0
69 0
70 0
71 32
72 0
73 27
74 0
76 0
77 22
79 14
80 0
0 0
34 0
67 0
28 0
52 0
75 29
78 0
5 0
5 0
10 0
10 149
15 0
15 0
46 0
46 0
1 0
2 0
3 0
4 0
6 0
7 0
8 0
9 0
11 0
12 0
13 0
14 0
16 0
17 0
18 0
19 0
20 0
21 0
22 0
23 52
24 0
25 0
26 18
27 0
29 42
30 0
31 0
32 26
33 0
35 0
36 187
37 177
38 0
39 180
40 0
41 0
42 175
43 0
44 188
45 0
47 0
48 215
49 0
50 158
53 147
54 0
55 0
56 135
57 0
58 103
59 0
60 0
61 89
62 0
63 0
64 21
65 0
66 0
68 0
69 33
70 33
71 0
72 0
73 27
74 0
76 0
77 22
79 14
80 0
0 0
34 0
67 0
28 0
52 0
75 0
78 0
5 0
5 32
10 0
10 0
15 0
15 0
46 0
46 0
1 0
2 0
3 0
4 0
6 0
7 0
8 0
9 0
11 0
12 0
13 0
14 0
16 0
17 0
18 0
19 0
20 0
21 0
22 0
23 52
24 0
25 0
26 18
27 0
29 42
30 0
31 0
32 26
33 0
35 187
36 0
37 177
38 0
39 180
40 0
41 177
42 0
43 0
44 188
45 0
47 205
48 0
49 0
50 158
53 147
54 0
55 146
56 0
57 0
58 103
59 0
60 0
61 89
62 0
63 42
64 0
65 13
66 0
68 0
69 33
70 33
71 0
72 25
73 0
74 31
76 22
77 0
79 14
80 0
0 0
34 0
67 0
28 0
52 0
75 0
78 0
5 0
5 0
10 0
10 0
15 0
15 0
46 0
46 0
1 0
2 0
3 0
4 0
6 0
7 0
8 0
9 0
11 0
12 0
13 0
14 0
16 0
17 0
18 0
19 0
20 0
21 0
22 78
23 0
24 0
25 0
26 18
27 0
29 42
30 0
31 0
32 26
33 0
35 187
36 0
37 0
38 0
39 180
40 0
41 177
42 0
43 195
44 0
45 0
47 205
48 0
49 167
50 0
53 147
54 0
55 146
56 0
57 0
58 103
59 0
60 86
61 0
62 0
63 42
64 0
65 13
66 0
68 33
69 0
70 33
71 0
72 25
73 0
74 31
76 22
77 0
79 0
80 0
0 0
34 0
67 0
28 0
52 0
75 0
78 26
5 0
5 0
10 0
10 0
15 0
15 0
46 0
46 0
1 0
2 0
3 0
4 0
6 0
7 0
8 0
9 0
11 0
12 0
13 0
14 0
16 0
17 0
18 0
19 0
20 0
21 0
22 78
23 0
24 0
25 23
26 0
27 0
29 0
30 0
31 27
32 0
33 0
35 0
36 0
37 0
38 180
39 0
40 176
41 0
42 0
43 195
44 0
45 0
47 0
48 0
49 167
50 0
53 0
54 0
55 146
56 0
57 148
58 0
59 0
60 86
61 0
62 49
63 0
64 0
65 13
66 0
68 33
69 32
70 0
71 25
72 0
73 0
74 31
76 22
77 0
79 0
80 21
0 0
34 0
67 0
28 42
52 142
75 0
78 26
5 0
5 0
10 0
10 0
15 0
15 0
46 0
46 207
1 0
2 0
3 0
4 0
6 0
7 0
8 0
9 0
11 0
12 0
13 0
14 0
16 0
17 0
18 0
19 0
20 0
21 66
22 0
23 0
24 0
25 23
26 0
27 0
29 0
30 0
31 27
32 0
33 0
35 0
36 0
37 0
38 180
39 0
40 176
41 0
42 197
43 0
44 0
45 209
47 0
48 0
49 167
50 0
53 0
54 130
55 0
56 0
57 148
58 0
59 98
60 0
61 0
62 49
63 0
64 27
65 0
66 0
68 0
69 32
70 0
71 25
72 0
73 32
74 0
76 0
77 0
79 0
80 21
0 0
34 0
67 0
28 42
52 142
75 23
78 0
5 0
5 0
10 0
10 0
15 0
15 0
46 0
46 22
1 0
2 0
3 0
4 0
6 0
7 0
8 0
9 0
11 0
12 0
13 0
14 0
16 0
17 0
18 0
19 0
20 0
21 66
22 0
23 0
24 0
25 23
26 0
27 0
29 0
30 0
31 27
32 0
33 0
35 0
36 175
37 179
38 0
39 0
40 176
41 0
42 197
43 0
44 0
45 209
47 0
48 174
49 0
50 0
53 0
54 130
55 0
56 146
57 0
58 0
59 98
60 0
61 86
62 0
63 0
64 27
65 0
66 0
68 32
69 0
70 0
71 25
72 0
73 32
74 0
76 0
77 15
79 12
80 0
0 0
34 0
67 0
28 42
52 0
75 23
78 0
5 0
5 0
10 0
10 139
15 0
15 0
46 0
46 0
1 0
2 0
3 0
4 0
6 0
7 0
8 0
9 0
11 0
12 0
13 0
14 0
16 0
17 0
18 0
19 0
20 0
21 66
22 0
23 0
24 0
25 23
26 0
27 0
29 0
30 37
31 0
32 0
33 0
35 0
36 175
37 179
38 0
39 179
40 0
41 0
42 197
43 0
44 205
45 0
47 0
48 174
49 0
50 140
53 160
54 0
55 0
56 146
57 0
58 118
59 0
60 0
61 86
62 0
63 0
64 27
65 0
66 0
68 32
69 0
70 25
71 0
72 0
73 32
74 0
76 0
77 15
79 12
80 0
0 0
34 0
67 0
28 42
52 0
75 0
78 0
5 0
5 30
10 0
10 0
15 0
15 0
46 0
46 0
1 0
2 0
3 0
4 0
6 0
7 0
8 0
9 0
11 0
12 0
13 0
14 0
16 0
17 0
18 0
19 0
20 0
21 66
22 0
23 0
24 30
25 0
26 0
27 0
29 0
30 37
31 0
32 0
33 0
35 175
36 0
37 179
38 0
39 179
40 0
41 193
42 0
43 0
44 205
45 0
47 172
48 0
49 0
50 140
53 160
54 0
55 154
56 0
57 0
58 118
59 0
60 0
61 86
62 0
63 36
64 0
65 11
66 0
68 0
69 0
70 25
71 0
72 32
73 0
74 30
76 15
77 0
79 12
80 0
0 0
34 0
67 0
28 0
52 0
75 0
78 0
5 0
5 0
10 0
10 0
15 0
15 0
46 0
46 0
1 0
2 0
3 0
4 0
6 0
7 0
8 0
9 0
11 0
12 0
13 0
14 0
16 0
17 0
18 0
19 0
20 0
21 0
22 0
23 0
24 30
25 0
26 0
27 0
29 0
30 37
31 0
32 0
33 0
35 175
36 0
37 0
38 0
39 179
40 0
41 193
42 0
43 211
44 0
45 0
47 172
48 0
49 153
50 0
53 160
54 0
55 154
56 0
57 0
58 118
59 0
60 62
61 0
62 0
63 36
64 0
65 11
66 0
68 0
69 0
70 25
71 0
72 32
73 0
74 30
76 15
77 0
79 0
80 0
0 0
34 0
67 0
28 0
52 0
75 0
78 28
5 0
5 0
10 0
10 0
15 0
15 0
46 0
46 0
1 0
2 0
3 0
4 0
6 0
7 0
8 0
9 0
11 0
12 0
13 0
14 0
16 0
17 0
18 0
19 0
20 0
21 0
22 0
23 39
24 0
25 0
26 21
27 0
29 41
30 0
31 0
32 22
33 0
35 0
36 0
37 0
38 178
39 0
40 196
41 0
42 0
43 211
44 0
45 0
47 0
48 0
49 153
50 0
53 0
54 0
55 154
56 0
57 133
58 0
59 0
60 62
61 0
62 60
63 0
64 0
65 11
66 0
68 0
69 0
70 0
71 31
72 0
73 0
74 30
76 15
77 0
79 0
80 14
0 0
34 0
67 0
28 0
52 158
75 0
78 28
5 0
5 0
10 0
10 0
15 0
15 0
46 0
46 172
1 0
2 0
3 0
4 0
6 0
7 0
8 0
9 0
11 0
12 0
13 0
14 0
16 0
17 0
18 0
19 0
20 0
21 0
22 0
23 39
24 0
25 0
26 21
27 0
29 41
30 0
31 0
32 22
33 0
35 0
36 0
37 0
38 178
39 0
40 196
41 0
42 213
43 0
44 0
45 174
47 0
48 0
49 153
50 0
53 0
54 140
55 0
56 0
57 133
58 0
59 68
60 0
61 0
62 60
63 0
64 26
65 0
66 0
68 0
69 0
70 0
71 31
72 0
73 29
74 0
76 0
77 0
79 0
80 14
0 0
34 0
67 0
28 0
52 158
75 15
78 0
5 0
5 0
10 0
10 0
15 0
15 0
46 0
46 29
1 0
2 0
3 0
4 0
6 0
7 0
8 0
9 0
11 0
12 0
13 0
14 0
16 0
17 0
18 0
19 0
20 0
21 0
22 81
23 0
24 0
25 0
26 21
27 0
29 41
30 0
31 0
32 22
33 0
35 0
36 180
37 182
38 0
39 0
40 196
41 0
42 213
43 0
44 0
45 174
47 0
48 160
49 0
50 0
53 0
54 140
55 0
56 144
57 0
58 0
59 68
60 0
61 65
62 0
63 0
64 26
65 0
66 0
68 0
69 0
70 0
71 31
72 0
73 29
74 0
76 0
77 21
79 11
80 0
0 0
34 0
67 0
28 0
52 0
75 15
78 0
5 0
5 0
10 0
10 160
15 0
15 0
46 0
46 0
1 0
2 0
3 0
4 0
6 0
7 0
8 0
9 0
11 0
12 0
13 0
14 0
16 0
17 0
18 0
19 0
20 0
21 0
22 81
23 0
24 0
25 23
26 0
27 0
29 0
30 0
31 19
32 0
33 0
35 0
36 180
37 182
38 0
39 196
40 0
41 0
42 213
43 0
44 174
45 0
47 0
48 160
49 0
50 165
53 175
54 0
55 0
56 144
57 0
58 89
59 0
60 0
61 65
62 0
63 0
64 26
65 0
66 0
68 0
69 25
70 32
71 0
72 0
73 29
74 0
76 0
77 21
79 11
80 0
0 0
34 0
67 0
28 41
52 0
75 0
78 0
5 0
5 18
10 0
10 0
15 0
15 0
46 0
46 0
1 0
2 0
3 0
4 0
6 0
7 0
8 0
9 0
11 0
12 0
13 0
14 0
16 0
17 0
18 0
19 0
20 0
21 77
22 0
23 0
24 0
25 23
26 0
27 0
29 0
30 0
31 19
32 0
33 0
35 179
36 0
37 182
38 0
39 196
40 0
41 213
42 0
43 0
44 174
45 0
47 158
48 0
49 0
50 165
53 175
54 0
55 152
56 0
57 0
58 89
59 0
60 0
61 65
62 0
63 56
64 0
65 14
66 0
68 0
69 25
70 32
71 0
72 29
73 0
74 16
76 21
77 0
79 11
80 0
0 0
34 0
67 0
28 41
52 0
75 0
78 0
5 0
5 0
10 0
10 0
15 0
15 0
46 0
46 0
1 0
2 0
3 0
4 0
6 0
7 0
8 0
9 0
11 0
12 0
13 0
14 0
16 0
17 0
18 0
19 0
20 0
21 77
22 0
23 0
24 0
25 23
26 0
27 0
29 0
30 0
31 19
32 0
33 0
35 179
36 0
37 0
38 0
39 196
40 0
41 213
42 0
43 183
44 0
45 0
47 158
48 0
49 174
50 0
53 175
54 0
55 152
56 0
57 0
58 89
59 0
60 68
61 0
62 0
63 56
64 0
65 14
66 0
68 26
69 0
70 32
71 0
72 29
73 0
74 16
76 21
77 0
79 0
80 0
0 0
34 0
67 0
28 41
52 0
75 0
78 23
5 0
5 0
10 0
10 0
15 0
15 0
46 0
46 0
1 0
2 0
3 0
4 0
6 0
7 0
8 0
9 0
11 0
12 0
13 0
14 0
16 0
17 0
18 0
19 0
20 0
21 77
22 0
23 0
24 0
25 23
26 0
27 0
29 0
30 35
31 0
32 0
33 0
35 0
36 0
37 0
38 195
39 0
40 213
41 0
42 0
43 183
44 0
45 0
47 0
48 0
49 174
50 0
53 0
54 0
55 152
56 0
57 142
58 0
59 0
60 68
61 0
62 71
63 0
64 0
65 14
66 0
68 26
69 31
70 0
71 30
72 0
73 0
74 16
76 21
77 0
79 0
80 10
0 0
34 0
67 0
28 41
52 169
75 0
78 23
5 0
5 0
10 0
10 0
15 0
15 0
46 0
46 157
1 0
2 0
3 0
4 0
6 0
7 0
8 0
9 0
11 0
12 0
13 0
14 0
16 0
17 0
18 0
19 0
20 0
21 77
22 0
23 0
24 31
25 0
26 0
27 0
29 0
30 35
31 0
32 0
33 0
35 0
36 0
37 0
38 195
39 0
40 213
41 0
42 180
43 0
44 0
45 158
47 0
48 0
49 174
50 0
53 0
54 139
55 0
56 0
57 142
58 0
59 85
60 0
61 0
62 71
63 0
64 31
65 0
66 0
68 0
69 31
70 0
71 30
72 0
73 17
74 0
76 0
77 0
79 0
80 10
0 0
34 0
67 0
28 0
52 169
75 22
78 0
5 0
5 0
10 0
10 0
15 0
15 0
46 0
46 24
1 0
2 0
3 0
4 0
6 0
7 0
8 0
9 0
11 0
12 0
13 0
14 0
16 0
17 0
18 0
19 0
20 0
21 0
22 0
23 0
24 31
25 0
26 0
27 0
29 0
30 35
31 0
32 0
33 0
35 0
36 179
37 196
38 0
39 0
40 213
41 0
42 180
43 0
44 0
45 158
47 0
48 186
49 0
50 0
53 0
54 139
55 0
56 139
57 0
58 0
59 85
60 0
61 92
62 0
63 0
64 31
65 0
66 0
68 32
69 0
70 0
71 30
72 0
73 17
74 0
76 0
77 19
79 7
80 0
0 0
34 0
67 0
28 0
52 0
75 22
78 0
5 0
5 0
10 0
10 171
15 0
15 0
46 0
46 0
1 0
2 0
3 0
4 0
6 0
7 0
8 0
9 0
11 0
12 0
13 0
14 0
16 0
17 0
18 0
19 0
20 0
21 0
22 0
23 48
24 0
25 0
26 29
27 0
29 45
30 0
31 0
32 22
33 0
35 0
36 179
37 196
38 0
39 213
40 0
41 0
42 180
43 0
44 158
45 0
47 0
48 186
49 0
50 171
53 157
54 0
55 0
56 139
57 0
58 84
59 0
60 0
61 92
62 0
63 0
64 31
65 0
66 0
68 32
69 0
70 30
71 0
72 0
73 17
74 0
76 0
77 19
79 7
80 0
0 0
34 0
67 0
28 0
52 0
75 0
78 0
5 0
5 24
10 0
10 0
15 0
15 0
46 0
46 0
1 0
2 0
3 0
4 0
6 0
7 0
8 0
9 0
11 0
12 0
13 0
14 0
16 0
17 0
18 0
19 0
20 0
21 0
22 0
23 48
24 0
25 0
26 29
27 0
29 45
30 0
31 0
32 22
33 0
35 178
36 0
37 196
38 0
39 213
40 0
41 184
42 0
43 0
44 158
45 0
47 174
48 0
49 0
50 171
53 157
54 0
55 140
56 0
57 0
58 84
59 0
60 0
61 92
62 0
63 41
64 0
65 13
66 0
68 0
69 0
70 30
71 0
72 17
73 0
74 23
76 19
77 0
79 7
80 0
0 0
34 0
67 0
28 0
52 0
75 0
78 0
5 0
5 0
10 0
10 0
15 0
15 0
46 0
46 0
1 0
2 0
3 0
4 0
6 0
7 0
8 0
9 0
11 0
12 0
13 0
14 0
16 0
17 0
18 0
19 0
20 0
21 0
22 77
23 0
24 0
25 0
26 29
27 0
29 45
30 0
31 0
32 22
33 0
35 178
36 0
37 0
38 0
39 213
40 0
41 184
42 0
43 163
44 0
45 0
47 174
48 0
49 181
50 0
53 157
54 0
55 140
56 0
57 0
58 84
59 0
60 85
61 0
62 0
63 41
64 0
65 13
66 0
68 0
69 0
70 30
71 0
72 17
73 0
74 23
76 19
77 0
79 0
80 0
0 0
34 0
67 0
28 0
52 0
75 0
78 23
5 0
5 0
10 0
10 0
15 0
15 0
46 0
46 0
1 0
2 0
3 0
4 0
6 0
7 0
8 0
9 0
11 0
12 0
13 0
14 0
16 0
17 0
18 0
19 0
20 0
21 0
22 77
23 0
24 0
25 40
26 0
27 0
29 0
30 0
31 21
32 0
33 0
35 0
36 0
37 0
38 214
39 0
40 180
41 0
42 0
43 163
44 0
45 0
47 0
48 0
49 181
50 0
53 0
54 0
55 140
56 0
57 125
58 0
59 0
60 85
61 0
62 65
63 0
64 0
65 13
66 0
68 0
69 0
70 0
71 20
72 0
73 0
74 23
76 19
77 0
79 0
80 18
0 0
34 0
67 0
28 41
52 154
75 0
78 23
5 0
5 0
10 0
10 0
15 0
15 0
46 0
46 177
1 0
2 0
3 0
4 0
6 0
7 0
8 0
9 0
11 0
12 0
13 0
14 0
16 0
17 0
18 0
19 0
20 0
21 65
22 0
23 0
24 0
25 40
26 0
27 0
29 0
30 0
31 21
32 0
33 0
35 0
36 0
37 0
38 214
39 0
40 180
41 0
42 161
43 0
44 0
45 180
47 0
48 0
49 181
50 0
53 0
54 133
55 0
56 0
57 125
58 0
59 102
60 0
61 0
62 65
63 0
64 23
65 0
66 0
68 0
69 0
70 0
71 20
72 0
73 26
74 0
76 0
77 0
79 0
80 18
0 0
34 0
67 0
28 41
52 154
75 20
78 0
5 0
5 0
10 0
10 0
15 0
15 0
46 0
46 21
1 0
2 0
3 0
4 0
6 0
7 0
8 0
9 0
11 0
12 0
13 0
14 0
16 0
17 0
18 0
19 0
20 0
21 65
22 0
23 0
24 0
25 40
26 0
27 0
29 0
30 0
31 21
32 0
33 0
35 0
36 195
37 213
38 0
39 0
40 180
41 0
42 161
43 0
44 0
45 180
47 0
48 187
49 0
50 0
53 0
54 133
55 0
56 138
57 0
58 0
59 102
60 0
61 94
62 0
63 0
64 23
65 0
66 0
68 0
69 0
70 0
71 20
72 0
73 26
74 0
76 0
77 16
79 19
80 0
0 0
34 0
67 0
28 41
52 0
75 20
78 0
5 0
5 0
10 0
10 153
15 0
15 0
46 0
46 0
1 0
2 0
3 0
4 0
6 0
7 0
8 0
9 0
11 0
12 0
13 0
14 0
16 0
17 0
18 0
19 0
20 0
21 65
22 0
23 0
24 0
25 40
26 0
27 0
29 0
30 37
31 0
32 0
33 0
35 0
36 195
37 213
38 0
39 182
40 0
41 0
42 161
43 0
44 176
45 0
47 0
48 187
49 0
50 159
53 164
54 0
55 0
56 138
57 0
58 136
59 0
60 0
61 94
62 0
63 0
64 23
65 0
66 0
68 0
69 29
70 17
71 0
72 0
73 26
74 0
76 0
77 16
79 19
80 0
0 0
34 0
67 0
28 41
52 0
75 0
78 0
5 0
5 24
10 0
10 0
15 0
15 0
46 0
46 0
1 0
2 0
3 0
4 0
6 0
7 0
8 0
9 0
11 0
12 0
13 0
14 0
16 0
17 0
18 0
19 0
20 0
21 65
22 0
23 0
24 51
25 0
26 0
27 0
29 0
30 37
31 0
32 0
33 0
35 195
36 0
37 213
38 0
39 182
40 0
41 163
42 0
43 0
44 176
45 0
47 181
48 0
49 0
50 159
53 164
54 0
55 144
56 0
57 0
58 136
59 0
60 0
61 94
62 0
63 38
64 0
65 9
66 0
68 0
69 29
70 17
71 0
72 25
73 0
74 24
76 16
77 0
79 19
80 0
0 0
34 0
67 0
28 0
52 0
75 0
78 0
5 0
5 0
10 0
10 0
15 0
15 0
46 0
46 0
1 0
2 0
3 0
4 0
6 0
7 0
8 0
9 0
11 0
12 0
13 0
14 0
16 0
17 0
18 0
19 0
20 0
21 0
22 0
23 0
24 51
25 0
26 0
27 0
29 0
30 37
31 0
32 0
33 0
35 195
36 0
37 0
38 0
39 182
40 0
41 163
42 0
43 182
44 0
45 0
47 181
48 0
49 164
50 0
53 164
54 0
55 144
56 0
57 0
58 136
59 0
60 92
61 0
62 0
63 38
64 0
65 9
66 0
68 30
69 0
70 17
71 0
72 25
73 0
74 24
76 16
77 0
79 0
80 0
0 0
34 0
67 0
28 0
52 0
75 0
78 35
5 0
5 0
10 0
10 0
15 0
15 0
46 0
46 0
1 0
2 0
3 0
4 0
6 0
7 0
8 0
9 0
11 0
12 0
13 0
14 0
16 0
17 0
18 0
19 0
20 0
21 0
22 0
23 59
24 0
25 0
26 23
27 0
29 46
30 0
31 0
32 21
33 0
35 0
36 0
37 0
38 182
39 0
40 162
41 0
42 0
43 182
44 0
45 0
47 0
48 0
49 164
50 0
53 0
54 0
55 144
56 0
57 170
58 0
59 0
60 92
61 0
62 72
63 0
64 0
65 9
66 0
68 30
69 18
70 0
71 26
72 0
73 0
74 24
76 16
77 0
79 0
80 15
0 0
34 0
67 0
28 0
52 156
75 0
78 35
5 0
5 0
10 0
10 0
15 0
15 0
46 0
46 185
1 0
2 0
3 0
4 0
6 0
7 0
8 0
9 0
11 0
12 0
13 0
14 0
16 0
17 0
18 0
19 0
20 0
21 0
22 0
23 59
24 0
25 0
26 23
27 0
29 46
30 0
31 0
32 21
33 0
35 0
36 0
37 0
38 182
39 0
40 162
41 0
42 182
43 0
44 0
45 185
47 0
48 0
49 164
50 0
53 0
54 135
55 0
56 0
57 170
58 0
59 105
60 0
61 0
62 72
63 0
64 16
65 0
66 0
68 0
69 18
70 0
71 26
72 0
73 22
74 0
76 0
77 0
79 0
80 15
0 0
34 0
67 0
28 0
52 156
75 16
78 0
5 0
5 0
10 0
10 0
15 0
15 0
46 0
46 36
