1 0
2 0
3 0
4 0
6 0
7 0
8 0
9 0
11 0
12 0
13 0
14 0
16 0
17 0
18 0
19 0
20 0
21 0
22 0
23 0
24 0
25 0
26 0
27 0
29 0
30 0
31 0
32 0
33 0
35 0
36 0
37 0
38 0
39 0
40 0
41 0
42 0
43 0
44 0
45 0
47 0
48 0
49 0
50 0
53 0
54 0
55 0
56 0
57 0
58 0
59 0
60 0
61 0
62 0
63 0
64 0
65 0
66 0
68 0
69 0
70 0
71 0
72 0
73 0
74 0
76 0
77 0
79 0
80 0
0 0
34 0
67 0
28 0
52 0
75 0
78 0
5 0
5 0
10 0
10 0
15 0
15 0
46 0
46 0
1 0
2 0
3 0
4 0
6 0
7 0
8 0
9 0
11 0
12 0
13 0
14 0
16 0
17 0
18 0
19 0
20 0
21 0
22 0
23 0
24 0
25 0
26 0
27 0
29 0
30 0
31 0
32 0
33 0
35 0
36 0
37 0
38 0
39 0
40 0
41 0
42 0
43 0
44 0
45 0
47 0
48 0
49 0
50 0
53 0
54 0
55 0
56 0
57 0
58 0
59 0
60 0
61 0
62 0
63 0
64 0
65 0
66 0
68 0
69 0
70 0
71 0
72 0
73 0
74 0
76 0
77 0
79 0
80 0
0 0
34 0
67 0
28 0
52 0
75 0
78 0
5 0
5 0
10 0
10 0
15 0
15 0
46 0
46 0
1 0
2 23
3 0
4 0
6 0
7 0
8 0
9 0
11 0
12 0
13 0
14 0
16 0
17 0
18 0
19 0
20 0
21 0
22 0
23 0
24 0
25 0
26 0
27 0
29 0
30 0
31 0
32 0
33 0
35 0
36 18
37 0
38 0
39 0
40 0
41 0
42 0
43 0
44 0
45 0
47 0
48 0
49 0
50 0
53 0
54 0
55 0
56 0
57 0
58 0
59 0
60 0
61 0
62 0
63 0
64 0
65 0
66 0
68 0
69 12
70 0
71 0
72 0
73 0
74 0
76 0
77 0
79 0
80 0
0 0
34 0
67 0
28 0
52 0
75 0
78 0
5 0
5 0
10 0
10 0
15 0
15 0
46 0
46 0
1 0
2 23
3 0
4 0
6 0
7 0
8 0
9 0
11 0
12 0
13 0
14 0
16 0
17 0
18 0
19 0
20 0
21 0
22 0
23 0
24 0
25 0
26 0
27 0
29 0
30 0
31 0
32 0
33 0
35 0
36 18
37 0
38 0
39 0
40 0
41 0
42 0
43 0
44 0
45 0
47 0
48 0
49 0
50 0
53 0
54 0
55 0
56 0
57 0
58 0
59 0
60 0
61 0
62 0
63 0
64 0
65 0
66 0
68 0
69 12
70 0
71 0
72 0
73 0
74 0
76 0
77 0
79 0
80 0
0 0
34 0
67 0
28 0
52 0
75 0
78 0
5 0
5 0
10 0
10 0
15 0
15 0
46 0
46 0
1 0
2 23
3 0
4 0
6 0
7 0
8 0
9 0
11 0
12 0
13 0
14 0
16 0
17 0
18 0
19 0
20 0
21 0
22 0
23 0
24 0
25 0
26 0
27 0
29 0
30 0
31 0
32 0
33 0
35 0
36 0
37 58
38 0
39 0
40 0
41 0
42 0
43 0
44 0
45 0
47 0
48 0
49 0
50 0
53 0
54 0
55 0
56 0
57 0
58 0
59 0
60 0
61 0
62 0
63 0
64 0
65 0
66 0
68 0
69 0
70 57
71 0
72 0
73 0
74 0
76 0
77 0
79 0
80 0
0 0
34 0
67 0
28 0
52 0
75 0
78 0
5 0
5 0
10 0
10 0
15 0
15 0
46 0
46 0
1 102
2 0
3 123
4 0
6 0
7 0
8 0
9 0
11 0
12 0
13 0
14 0
16 0
17 0
18 0
19 0
20 0
21 0
22 0
23 0
24 0
25 0
26 0
27 0
29 0
30 0
31 0
32 0
33 0
35 0
36 0
37 58
38 0
39 0
40 0
41 0
42 0
43 0
44 0
45 0
47 0
48 0
49 0
50 0
53 0
54 0
55 0
56 0
57 0
58 0
59 0
60 0
61 0
62 0
63 0
64 0
65 0
66 0
68 0
69 0
70 57
71 0
72 0
73 0
74 0
76 0
77 0
79 0
80 0
0 0
34 0
67 0
28 0
52 0
75 0
78 0
5 0
5 0
10 0
10 0
15 0
15 0
46 0
46 0
1 102
2 0
3 123
4 0
6 0
7 0
8 0
9 0
11 0
12 0
13 0
14 0
16 0
17 0
18 0
19 0
20 0
21 0
22 0
23 0
24 0
25 0
26 0
27 0
29 0
30 0
31 0
32 0
33 0
35 0
36 0
37 58
38 0
39 0
40 0
41 0
42 0
43 0
44 0
45 0
47 0
48 0
49 0
50 0
53 0
54 0
55 0
56 0
57 0
58 0
59 0
60 0
61 0
62 0
63 0
64 0
65 0
66 0
68 0
69 0
70 57
71 0
72 0
73 0
74 0
76 0
77 0
79 0
80 0
0 0
34 0
67 0
28 0
52 0
75 0
78 0
5 0
5 0
10 0
10 0
15 0
15 0
46 0
46 0
1 0
2 123
3 0
4 255
6 0
7 0
8 0
9 0
11 0
12 0
13 0
14 0
16 0
17 0
18 0
19 0
20 0
21 0
22 0
23 0
24 0
25 0
26 0
27 0
29 0
30 0
31 0
32 0
33 0
35 0
36 0
37 0
38 184
39 0
40 0
41 0
42 0
43 0
44 0
45 0
47 0
48 0
49 0
50 0
53 0
54 0
55 0
56 0
57 0
58 0
59 0
60 0
61 0
62 0
63 0
64 0
65 0
66 0
68 0
69 0
70 0
71 123
72 0
73 0
74 0
76 0
77 0
79 0
80 0
0 0
34 0
67 0
28 0
52 0
75 0
78 0
5 0
5 0
10 0
10 0
15 0
15 0
46 0
46 0
1 0
2 123
3 0
4 255
6 0
7 0
8 0
9 0
11 0
12 0
13 0
14 0
16 0
17 0
18 0
19 0
20 0
21 0
22 14
23 0
24 0
25 0
26 0
27 0
29 0
30 0
31 0
32 0
33 0
35 0
36 89
37 0
38 184
39 0
40 0
41 0
42 0
43 0
44 0
45 0
47 0
48 0
49 0
50 0
53 0
54 0
55 0
56 0
57 0
58 0
59 0
60 0
61 0
62 0
63 0
64 0
65 0
66 0
68 0
69 86
70 0
71 123
72 0
73 0
74 0
76 0
77 0
79 0
80 0
0 0
34 0
67 0
28 0
52 0
75 0
78 0
5 0
5 0
10 0
10 0
15 0
15 0
46 0
46 0
1 0
2 123
3 0
4 0
6 0
7 0
8 0
9 0
11 0
12 0
13 0
14 0
16 0
17 0
18 0
19 0
20 0
21 0
22 14
23 0
24 0
25 0
26 0
27 0
29 0
30 0
31 0
32 0
33 0
35 0
36 89
37 0
38 0
39 192
40 0
41 0
42 0
43 0
44 0
45 0
47 0
48 0
49 0
50 0
53 0
54 0
55 0
56 0
57 0
58 0
59 0
60 0
61 0
62 0
63 0
64 0
65 0
66 0
68 0
69 86
70 0
71 123
72 0
73 0
74 0
76 0
77 0
79 0
80 0
0 0
34 0
67 0
28 0
52 0
75 0
78 0
5 423
5 0
10 0
10 0
15 0
15 0
46 0
46 0
1 149
2 0
3 274
4 0
6 370
7 0
8 0
9 0
11 0
12 0
13 0
14 0
16 0
17 0
18 0
19 0
20 0
21 0
22 0
23 26
24 0
25 0
26 0
27 0
29 0
30 0
31 0
32 0
33 0
35 0
36 0
37 156
38 0
39 192
40 0
41 0
42 0
43 0
44 0
45 0
47 0
48 0
49 0
50 0
53 0
54 0
55 0
56 0
57 0
58 0
59 0
60 0
61 0
62 0
63 0
64 0
65 0
66 0
68 0
69 0
70 144
71 0
72 158
73 0
74 0
76 0
77 0
79 0
80 0
0 0
34 0
67 0
28 0
52 0
75 0
78 0
5 0
5 0
10 0
10 0
15 0
15 0
46 0
46 0
1 149
2 0
3 274
4 0
6 370
7 0
8 0
9 0
11 0
12 0
13 0
14 0
16 0
17 0
18 0
19 0
20 0
21 0
22 0
23 26
24 0
25 0
26 0
27 0
29 0
30 0
31 0
32 0
33 0
35 0
36 0
37 156
38 0
39 192
40 0
41 0
42 0
43 0
44 0
45 0
47 0
48 0
49 0
50 0
53 0
54 0
55 0
56 0
57 0
58 0
59 0
60 0
61 0
62 0
63 0
64 0
65 0
66 0
68 0
69 0
70 144
71 0
72 158
73 0
74 0
76 0
77 0
79 0
80 0
0 0
34 0
67 0
28 0
52 0
75 0
78 0
5 0
5 0
10 0
10 0
15 0
15 0
46 0
46 0
1 0
2 223
3 0
4 438
6 370
7 0
8 0
9 0
11 0
12 0
13 0
14 0
16 0
17 0
18 0
19 0
20 0
21 0
22 0
23 0
24 48
25 0
26 0
27 0
29 0
30 0
31 0
32 0
33 0
35 0
36 0
37 156
38 0
39 0
40 283
41 0
42 0
43 0
44 0
45 0
47 0
48 0
49 0
50 0
53 0
54 0
55 0
56 0
57 0
58 0
59 0
60 0
61 0
62 0
63 0
64 0
65 0
66 0
68 0
69 0
70 144
71 0
72 0
73 212
74 0
76 0
77 0
79 0
80 0
0 0
34 0
67 0
28 0
52 0
75 0
78 0
5 0
5 0
10 0
10 0
15 0
15 0
46 0
46 0
1 0
2 223
3 0
4 438
6 370
7 0
8 0
9 0
11 0
12 0
13 0
14 0
16 0
17 0
18 0
19 0
20 0
21 0
22 0
23 0
24 48
25 0
26 0
27 0
29 0
30 0
31 0
32 0
33 0
35 0
36 0
37 0
38 270
39 0
40 283
41 0
42 0
43 0
44 0
45 0
47 0
48 0
49 0
50 0
53 0
54 0
55 0
56 0
57 0
58 0
59 0
60 0
61 0
62 0
63 0
64 0
65 0
66 0
68 0
69 0
70 0
71 240
72 0
73 212
74 0
76 0
77 0
79 0
80 0
0 0
34 0
67 0
28 0
52 0
75 0
78 0
5 0
5 0
10 0
10 0
15 0
15 0
46 0
46 0
1 0
2 223
3 0
4 0
6 0
7 418
8 0
9 0
11 0
12 0
13 0
14 0
16 0
17 0
18 0
19 0
20 0
21 0
22 0
23 0
24 0
25 57
26 0
27 0
29 23
30 0
31 0
32 0
33 0
35 0
36 106
37 0
38 270
39 0
40 283
41 0
42 0
43 0
44 0
45 0
47 0
48 0
49 0
50 0
53 0
54 0
55 0
56 0
57 0
58 0
59 0
60 0
61 0
62 0
63 0
64 0
65 0
66 0
68 0
69 125
70 0
71 240
72 0
73 212
74 0
76 0
77 0
79 0
80 0
0 0
34 0
67 0
28 0
52 0
75 0
78 0
5 605
5 0
10 0
10 0
15 0
15 0
46 0
46 0
1 190
2 0
3 402
4 0
6 562
7 418
8 0
9 0
11 0
12 0
13 0
14 0
16 0
17 0
18 0
19 0
20 0
21 0
22 0
23 0
24 0
25 57
26 0
27 0
29 23
30 0
31 0
32 0
33 0
35 0
36 106
37 0
38 0
39 309
40 0
41 315
42 0
43 0
44 0
45 0
47 0
48 0
49 0
50 0
53 0
54 0
55 0
56 0
57 0
58 0
59 0
60 0
61 0
62 0
63 0
64 0
65 0
66 0
68 0
69 125
70 0
71 240
72 0
73 0
74 351
76 0
77 0
79 0
80 0
0 0
34 0
67 0
28 0
52 0
75 0
78 0
5 0
5 0
10 0
10 0
15 0
15 0
46 0
46 0
1 190
2 0
3 402
4 0
6 562
7 0
8 455
9 0
11 0
12 0
13 0
14 0
16 0
17 0
18 0
19 0
20 0
21 0
22 0
23 0
24 0
25 57
26 0
27 0
29 23
30 0
31 0
32 0
33 0
35 0
36 0
37 216
38 0
39 309
40 0
41 315
42 0
43 0
44 0
45 0
47 0
48 0
49 0
50 0
53 0
54 0
55 0
56 0
57 0
58 0
59 0
60 0
61 0
62 0
63 0
64 0
65 0
66 0
68 0
69 0
70 220
71 0
72 254
73 0
74 351
76 0
77 0
79 0
80 0
0 0
34 0
67 0
28 0
52 0
75 0
78 0
5 0
5 0
10 0
10 0
15 0
15 0
46 0
46 0
1 0
2 307
3 0
4 557
6 562
7 0
8 455
9 0
11 0
12 0
13 0
14 0
16 0
17 0
18 0
19 0
20 0
21 0
22 22
23 0
24 0
25 57
26 0
27 0
29 0
30 53
31 0
32 0
33 0
35 0
36 0
37 216
38 0
39 309
40 0
41 0
42 487
43 0
44 0
45 0
47 0
48 0
49 0
50 0
53 0
54 0
55 0
56 0
57 0
58 0
59 0
60 0
61 0
62 0
63 0
64 0
65 0
66 0
68 0
69 0
70 220
71 0
72 254
73 0
74 351
76 0
77 0
79 0
80 0
0 0
34 0
67 0
28 0
52 0
75 0
78 0
5 0
5 0
10 0
10 0
15 0
15 0
46 0
46 0
1 0
2 307
3 0
4 557
6 562
7 0
8 0
9 528
11 0
12 0
13 0
14 0
16 0
17 0
18 0
19 0
20 0
21 0
22 22
23 0
24 0
25 0
26 55
27 0
29 0
30 53
31 0
32 0
33 0
35 0
36 0
37 216
38 0
39 0
40 382
41 0
42 487
43 0
44 0
45 0
47 0
48 0
49 0
50 0
53 0
54 0
55 0
56 0
57 0
58 0
59 0
60 0
61 0
62 0
63 0
64 0
65 0
66 0
68 0
69 0
70 220
71 0
72 0
73 318
74 0
76 0
77 0
79 0
80 0
0 0
34 0
67 0
28 0
52 0
75 0
78 0
5 329
5 0
10 0
10 0
15 0
15 0
46 0
46 0
1 0
2 307
3 0
4 0
6 0
7 594
8 0
9 528
11 0
12 0
13 0
14 0
16 0
17 0
18 0
19 0
20 0
21 0
22 0
23 45
24 0
25 0
26 55
27 0
29 0
30 53
31 0
32 0
33 0
35 0
36 0
37 0
38 329
39 0
40 382
41 0
42 487
43 0
44 0
45 0
47 0
48 0
49 0
50 0
53 0
54 0
55 0
56 0
57 0
58 0
59 0
60 0
61 0
62 0
63 0
64 0
65 0
66 0
68 0
69 0
70 0
71 281
72 0
73 318
74 0
76 0
77 0
79 0
80 0
0 0
34 0
67 0
28 0
52 0
75 0
78 0
5 705
5 0
10 0
10 0
15 0
15 0
46 0
46 0
1 135
2 0
3 435
4 0
6 671
7 594
8 0
9 0
11 0
12 0
13 0
14 0
16 0
17 0
18 0
19 0
20 0
21 0
22 0
23 45
24 0
25 0
26 55
27 0
29 0
30 0
31 64
32 0
33 0
35 0
36 130
37 0
38 329
39 0
40 382
41 0
42 0
43 947
44 0
45 0
47 0
48 0
49 0
50 0
53 0
54 0
55 0
56 0
57 0
58 0
59 0
60 0
61 0
62 0
63 0
64 0
65 0
66 0
68 0
69 142
70 0
71 281
72 0
73 318
74 0
76 0
77 0
79 0
80 0
0 0
34 0
67 0
28 0
52 0
75 0
78 0
5 0
5 0
10 536
10 0
15 0
15 0
46 0
46 0
1 135
2 0
3 435
4 0
6 671
7 0
8 623
9 0
11 581
12 0
13 0
14 0
16 0
17 0
18 0
19 0
20 0
21 0
22 0
23 0
24 68
25 0
26 0
27 73
29 0
30 0
31 64
32 0
33 0
35 0
36 130
37 0
38 0
39 368
40 0
41 405
42 0
43 947
44 0
45 0
47 0
48 0
49 0
50 0
53 0
54 0
55 0
56 0
57 0
58 0
59 0
60 0
61 0
62 0
63 0
64 0
65 0
66 0
68 0
69 142
70 0
71 281
72 0
73 0
74 420
76 393
77 0
79 0
80 0
0 0
34 0
67 0
28 0
52 0
75 0
78 0
5 0
5 0
10 0
10 0
15 0
15 0
46 0
46 0
1 0
2 266
3 0
4 617
6 671
7 0
8 623
9 0
11 581
12 0
13 0
14 0
16 0
17 0
18 0
19 0
20 0
21 0
22 0
23 0
24 68
25 0
26 0
27 73
29 0
30 0
31 64
32 0
33 0
35 0
36 0
37 262
38 0
39 368
40 0
41 405
42 0
43 0
44 1235
45 0
47 0
48 0
49 0
50 0
53 0
54 0
55 0
56 0
57 0
58 0
59 0
60 0
61 0
62 0
63 0
64 0
65 0
66 0
68 0
69 0
70 230
71 0
72 301
73 0
74 420
76 393
77 0
79 0
80 0
0 0
34 0
67 0
28 0
52 0
75 0
78 0
5 0
5 0
10 0
10 0
15 0
15 0
46 0
46 0
1 0
2 266
3 0
4 617
6 671
7 0
8 0
9 696
11 0
12 670
13 0
14 0
16 0
17 0
18 0
19 0
20 0
21 0
22 0
23 0
24 0
25 76
26 0
27 0
29 28
30 0
31 0
32 47
33 0
35 0
36 0
37 262
38 0
39 368
40 0
41 0
42 558
43 0
44 1235
45 0
47 0
48 0
49 0
50 0
53 0
54 0
55 0
56 0
57 0
58 0
59 0
60 0
61 0
62 0
63 0
64 0
65 0
66 0
68 0
69 0
70 230
71 0
72 301
73 0
74 420
76 393
77 0
79 0
80 0
0 0
34 0
67 0
28 0
52 0
75 0
78 0
5 0
5 0
10 0
10 0
15 0
15 0
46 0
46 0
1 0
2 266
3 0
4 0
6 0
7 686
8 0
9 696
11 0
12 670
13 0
14 0
16 0
17 0
18 0
19 0
20 0
21 0
22 0
23 0
24 0
25 76
26 0
27 0
29 28
30 0
31 0
32 47
33 0
35 0
36 0
37 262
38 0
39 0
40 429
41 0
42 558
43 0
44 0
45 1203
47 0
48 0
49 0
50 0
53 0
54 0
55 0
56 0
57 0
58 0
59 0
60 0
61 0
62 0
63 0
64 0
65 0
66 0
68 0
69 0
70 230
71 0
72 0
73 347
74 0
76 0
77 373
79 0
80 0
0 0
34 0
67 0
28 0
52 0
75 0
78 0
5 1176
5 0
10 0
10 0
15 0
15 0
46 0
46 0
1 219
2 0
3 425
4 0
6 719
7 686
8 0
9 0
11 0
12 0
13 798
14 0
16 0
17 0
18 0
19 0
20 0
21 0
22 0
23 0
24 0
25 76
26 0
27 0
29 28
30 0
31 0
32 47
33 0
35 0
36 0
37 0
38 400
39 0
40 429
41 0
42 558
43 0
44 0
45 1203
47 0
48 0
49 0
50 0
53 0
54 0
55 0
56 0
57 0
58 0
59 0
60 0
61 0
62 0
63 0
64 0
65 0
66 0
68 0
69 0
70 0
71 340
72 0
73 347
74 0
76 0
77 373
79 0
80 0
0 0
34 0
67 0
28 0
52 0
75 0
78 0
5 0
5 0
10 694
10 0
15 0
15 0
46 0
46 0
1 219
2 0
3 425
4 0
6 719
7 0
8 706
9 0
11 743
12 0
13 798
14 0
16 0
17 0
18 0
19 0
20 0
21 0
22 24
23 0
24 0
25 76
26 0
27 0
29 0
30 63
31 0
32 0
33 110
35 0
36 135
37 0
38 400
39 0
40 429
41 0
42 0
43 923
44 0
45 0
47 0
48 0
49 0
50 0
53 0
54 0
55 0
56 0
57 0
58 0
59 0
60 0
61 0
62 0
63 0
64 0
65 0
66 0
68 0
69 160
70 0
71 340
72 0
73 347
74 0
76 0
77 0
79 0
80 0
0 0
34 0
67 0
28 0
52 0
75 0
78 0
5 0
5 0
10 0
10 0
15 0
15 0
46 1856
46 0
1 0
2 308
3 0
4 603
6 719
7 0
8 706
9 0
11 743
12 0
13 0
14 1066
16 0
17 0
18 0
19 0
20 0
21 0
22 24
23 0
24 0
25 0
26 63
27 0
29 0
30 63
31 0
32 0
33 110
35 0
36 135
37 0
38 0
39 390
40 0
41 464
42 0
43 923
44 0
45 0
47 0
48 0
49 0
50 0
53 0
54 0
55 0
56 0
57 0
58 0
59 0
60 0
61 0
62 0
63 0
64 0
65 0
66 0
68 0
69 160
70 0
71 340
72 0
73 0
74 441
76 445
77 0
79 0
80 0
0 0
34 0
67 0
28 0
52 0
75 0
78 0
5 0
5 0
10 0
10 0
15 0
15 0
46 0
46 0
1 0
2 308
3 0
4 603
6 719
7 0
8 0
9 755
11 0
12 790
13 0
14 1066
16 0
17 0
18 0
19 0
20 0
21 0
22 0
23 54
24 0
25 0
26 63
27 0
29 0
30 63
31 0
32 0
33 0
35 0
36 0
37 239
38 0
39 390
40 0
41 464
42 0
43 0
44 1119
45 0
47 0
48 0
49 0
50 0
53 0
54 0
55 0
56 0
57 0
58 0
59 0
60 0
61 0
62 0
63 0
64 0
65 0
66 0
68 0
69 0
70 226
71 0
72 339
73 0
74 441
76 445
77 0
79 0
80 0
0 0
34 0
67 0
28 0
52 0
75 0
78 0
5 0
5 0
10 0
10 0
15 0
15 0
46 0
46 0
1 0
2 308
3 0
4 0
6 0
7 737
8 0
9 755
11 0
12 790
13 0
14 0
16 0
17 0
18 0
19 0
20 0
21 0
22 0
23 54
24 0
25 0
26 63
27 0
29 0
30 0
31 78
32 0
33 0
35 0
36 0
37 239
38 0
39 390
40 0
41 0
42 589
43 0
44 1119
45 0
47 0
48 1521
49 0
50 0
53 0
54 0
55 0
56 0
57 0
58 0
59 0
60 0
61 0
62 0
63 0
64 0
65 0
66 0
68 0
69 0
70 226
71 0
72 339
73 0
74 441
76 445
77 0
79 542
80 0
0 0
34 0
67 0
28 0
52 0
75 0
78 0
5 744
5 0
10 0
10 0
15 1384
15 0
46 0
46 0
1 213
2 0
3 436
4 0
6 671
7 737
8 0
9 0
11 0
12 0
13 868
14 0
16 1337
17 0
18 0
19 0
20 0
21 0
22 0
23 0
24 76
25 0
26 0
27 69
29 0
30 0
31 78
32 0
33 0
35 0
36 0
37 239
38 0
39 0
40 462
41 0
42 589
43 0
44 0
45 1088
47 0
48 1521
49 0
50 0
53 0
54 0
55 0
56 0
57 0
58 0
59 0
60 0
61 0
62 0
63 0
64 0
65 0
66 0
68 0
69 0
70 226
71 0
72 0
73 381
74 0
76 0
77 440
79 542
80 0
0 0
34 0
67 0
28 0
52 0
75 0
78 0
5 427
5 0
10 758
10 0
15 0
15 0
46 0
46 0
1 213
2 0
3 436
4 0
6 671
7 0
8 775
9 0
11 792
12 0
13 868
14 0
16 1337
17 0
18 0
19 0
20 0
21 0
22 0
23 0
24 76
25 0
26 0
27 69
29 0
30 0
31 78
32 0
33 0
35 0
36 0
37 0
38 368
39 0
40 462
41 0
42 589
43 0
44 0
45 1088
47 0
48 0
49 1760
50 0
53 0
54 0
55 0
56 0
57 0
58 0
59 0
60 0
61 0
62 0
63 0
64 0
65 0
66 0
68 0
69 0
70 0
71 309
72 0
73 381
74 0
76 0
77 440
79 542
80 0
0 0
34 0
67 0
28 0
52 0
75 0
78 0
5 0
5 0
10 0
10 0
15 0
15 0
46 0
46 0
1 0
2 289
3 0
4 623
6 671
7 0
8 775
9 0
11 792
12 0
13 0
14 1106
16 0
17 1498
18 0
19 0
20 0
21 0
22 0
23 0
24 0
25 87
26 0
27 0
29 26
30 0
31 0
32 59
33 0
35 0
36 141
37 0
38 368
39 0
40 462
41 0
42 0
43 905
44 0
45 0
47 0
48 0
49 1760
50 0
53 0
54 0
55 0
56 0
57 0
58 0
59 0
60 0
61 0
62 0
63 0
64 0
65 0
66 0
68 0
69 133
70 0
71 309
72 0
73 381
74 0
76 0
77 0
79 0
80 547
0 0
34 0
67 0
28 0
52 0
75 0
78 0
5 0
5 0
10 0
10 0
15 0
15 0
46 1747
46 0
1 0
2 289
3 0
4 623
6 671
7 0
8 0
9 819
11 0
12 847
13 0
14 1106
16 0
17 1498
18 0
19 0
20 0
21 0
22 0
23 0
24 0
25 87
26 0
27 0
29 26
30 0
31 0
32 59
33 0
35 0
36 141
37 0
38 0
39 400
40 0
41 485
42 0
43 905
44 0
45 0
47 0
48 0
49 1760
50 0
53 0
54 0
55 0
56 0
57 0
58 0
59 0
60 0
61 0
62 0
63 0
64 0
65 0
66 0
68 0
69 133
70 0
71 309
72 0
73 0
74 470
76 466
77 0
79 0
80 547
0 0
34 0
67 0
28 0
52 0
75 0
78 0
5 0
5 0
10 0
10 0
15 0
15 0
46 0
46 0
1 0
2 289
3 0
4 0
6 0
7 679
8 0
9 819
11 0
12 847
13 0
14 0
16 514
17 1498
18 0
19 0
20 0
21 0
22 0
23 0
24 0
25 87
26 0
27 0
29 26
30 0
31 0
32 59
33 0
35 0
36 0
37 267
38 0
39 400
40 0
41 485
42 0
43 0
44 1126
45 0
47 0
48 0
49 0
50 1943
53 0
54 0
55 0
56 0
57 0
58 0
59 0
60 0
61 0
62 0
63 0
64 0
65 0
66 0
68 0
69 0
70 233
71 0
72 328
73 0
74 470
76 466
77 0
79 0
80 0
0 0
34 0
67 0
28 0
52 0
75 0
78 0
5 762
5 0
10 0
10 0
15 1255
15 0
46 0
46 0
1 227
2 0
3 512
4 0
6 712
7 679
8 0
9 0
11 0
12 0
13 893
14 0
16 1752
17 0
18 1422
19 0
20 0
21 0
22 27
23 0
24 0
25 87
26 0
27 0
29 0
30 55
31 0
32 0
33 85
35 0
36 0
37 267
38 0
39 400
40 0
41 0
42 590
43 0
44 1126
45 0
47 0
48 1345
49 0
50 1943
53 0
54 0
55 0
56 0
57 0
58 0
59 0
60 0
61 0
62 0
63 0
64 0
65 0
66 0
68 0
69 0
70 233
71 0
72 328
73 0
74 470
76 466
77 0
79 551
80 0
0 0
34 0
67 0
28 0
52 0
75 0
78 0
5 0
5 0
10 815
10 0
15 0
15 0
46 0
46 0
1 227
2 0
3 512
4 0
6 712
7 0
8 696
9 0
11 839
12 0
13 893
14 0
16 1238
17 0
18 1422
19 0
20 0
21 0
22 27
23 0
24 0
25 0
26 77
27 0
29 0
30 55
31 0
32 0
33 85
35 0
36 0
37 267
38 0
39 0
40 441
41 0
42 590
43 0
44 0
45 1052
47 0
48 1345
49 0
50 0
53 0
54 0
55 0
56 0
57 0
58 0
59 0
60 0
61 0
62 0
63 0
64 0
65 0
66 0
68 0
69 0
70 233
71 0
72 0
73 372
74 0
76 0
77 461
79 551
80 0
0 0
34 0
67 0
28 0
52 0
75 0
78 0
5 450
5 0
10 2029
10 0
15 0
15 0
46 0
46 0
1 0
2 343
3 0
4 659
6 712
7 0
8 696
9 0
11 839
12 0
13 0
14 1038
16 0
17 1386
18 0
19 1523
20 0
21 0
22 0
23 57
24 0
25 0
26 77
27 0
29 0
30 55
31 0
32 0
33 0
35 0
36 0
37 0
38 388
39 0
40 441
41 0
42 590
43 0
44 0
45 1052
47 0
48 0
49 1517
50 0
53 0
54 0
55 0
56 0
57 0
58 0
59 0
60 0
61 0
62 0
63 0
64 0
65 0
66 0
68 0
69 0
70 0
71 300
72 0
73 372
74 0
76 0
77 461
79 551
80 0
0 0
34 0
67 0
28 0
52 0
75 0
78 0
5 0
5 0
10 0
10 0
15 0
15 0
46 0
46 0
1 0
2 343
3 0
4 659
6 712
7 0
8 0
9 737
11 0
12 869
13 0
14 1038
16 0
17 1386
18 0
19 1523
20 0
21 0
22 0
23 57
24 0
25 0
26 77
27 0
29 0
30 0
31 60
32 0
33 0
35 0
36 149
37 0
38 388
39 0
40 441
41 0
42 0
43 924
44 0
45 0
47 0
48 0
49 1517
50 0
53 0
54 0
55 0
56 0
57 0
58 0
59 0
60 0
61 0
62 0
63 0
64 0
65 0
66 0
68 0
69 160
70 0
71 300
72 0
73 372
74 0
76 0
77 0
79 0
80 550
0 0
34 0
67 0
28 0
52 0
75 0
78 0
5 0
5 0
10 0
10 0
15 0
15 0
46 1671
46 0
1 0
2 343
3 0
4 0
6 0
7 718
8 0
9 737
11 0
12 869
13 0
14 0
16 0
17 1386
18 0
19 0
20 1533
21 0
22 0
23 0
24 61
25 0
26 0
27 83
29 0
30 0
31 60
32 0
33 0
35 0
36 149
37 0
38 0
39 414
40 0
41 454
42 0
43 924
44 0
45 0
47 0
48 0
49 1517
50 0
53 2071
54 0
55 0
56 0
57 0
58 0
59 0
60 0
61 0
62 0
63 0
64 0
65 0
66 0
68 0
69 160
70 0
71 300
72 0
73 0
74 458
76 483
77 0
79 0
80 550
0 0
34 0
67 0
28 0
52 0
75 0
78 0
5 809
5 0
10 0
10 0
15 1200
15 0
46 0
46 0
1 222
2 0
3 544
4 0
6 752
7 718
8 0
9 0
11 0
12 0
13 917
14 0
16 1717
17 0
18 1315
19 0
20 1533
21 0
22 0
23 0
24 61
25 0
26 0
27 83
29 0
30 0
31 60
32 0
33 0
35 0
36 0
37 295
38 0
39 414
40 0
41 454
42 0
43 0
44 1122
45 0
47 0
48 0
49 0
50 1670
53 2071
54 0
55 0
56 0
57 0
58 0
59 0
60 0
61 0
62 0
63 0
64 0
65 0
66 0
68 0
69 0
70 235
71 0
72 337
73 0
74 458
76 483
77 0
79 0
80 0
0 0
34 0
67 0
28 0
52 0
75 0
78 0
5 0
5 0
10 736
10 0
15 0
15 0
46 0
46 0
1 222
2 0
3 544
4 0
6 752
7 0
8 747
9 0
11 751
12 0
13 917
14 0
16 1717
17 0
18 1315
19 0
20 0
21 0
22 0
23 0
24 0
25 73
26 0
27 0
29 25
30 0
31 0
32 46
33 0
35 0
36 0
37 295
38 0
39 414
40 0
41 0
42 603
43 0
44 1122
45 0
47 0
48 1252
49 0
50 1670
53 2071
54 0
55 0
56 0
57 0
58 0
59 0
60 0
61 0
62 0
63 0
64 0
65 0
66 0
68 0
69 0
70 235
71 0
72 337
73 0
74 458
76 483
77 0
79 541
80 0
0 0
34 0
67 0
28 0
52 0
75 0
78 0
5 0
5 0
10 0
10 0
15 0
15 0
46 0
46 0
1 0
2 303
3 0
4 717
6 752
7 0
8 747
9 0
11 751
12 0
13 0
14 1023
16 0
17 1258
18 0
19 1387
20 0
21 0
22 0
23 0
24 0
25 73
26 0
27 0
29 25
30 0
31 0
32 46
33 0
35 0
36 0
37 295
38 0
39 0
40 479
41 0
42 603
43 0
44 0
45 1049
47 0
48 1252
49 0
50 0
53 0
54 2156
55 0
56 0
57 0
58 0
59 0
60 0
61 0
62 0
63 0
64 0
65 0
66 0
68 0
69 0
70 235
71 0
72 0
73 363
74 0
76 0
77 473
79 541
80 0
0 0
34 0
67 0
28 0
52 0
75 0
78 0
5 445
5 0
10 1711
10 0
15 0
15 0
46 0
46 0
1 0
2 303
3 0
4 717
6 752
7 0
8 0
9 784
11 0
12 792
13 0
14 1023
16 0
17 1258
18 0
19 1387
20 0
21 0
22 0
23 0
24 0
25 73
26 0
27 0
29 25
30 0
31 0
32 46
33 0
35 0
36 0
37 0
38 435
39 0
40 479
41 0
42 603
43 0
44 0
45 1049
47 0
48 0
49 1395
50 0
53 0
54 2156
55 0
56 0
57 0
58 0
59 0
60 0
61 0
62 0
63 0
64 0
65 0
66 0
68 0
69 0
70 0
71 357
72 0
73 363
74 0
76 0
77 473
79 541
80 0
0 0
34 0
67 0
28 0
52 0
75 0
78 0
5 0
5 0
10 0
10 0
15 0
15 0
46 0
46 0
