39
44
55
63
27
25
23
11
28
58
105
79
141
33
54
27
109
21
72
48
45
33
29
62
42
31
18
56
52
31
28
53
16
23
22
29
68
59
33
21
18
40
42
21
56
0
59
51
111
42
50
38
65
61
60
31
21
27
25
49
42
11
17
32
6
4
1
18
36
33
34
49
25
27
8
35
42
34
51
55
77
107
122
128
49
62
45
22
51
111
182
144
281
58
101
58
190
46
147
102
82
63
79
121
80
49
34
96
140
53
61
93
44
48
38
61
142
106
48
43
30
85
80
39
118
0
97
107
208
88
91
67
117
121
136
59
54
47
48
71
63
24
35
66
14
6
1
31
70
71
62
92
39
58
17
77
75
70
96
95
101
159
198
204
71
89
75
32
92
170
247
238
406
89
151
86
280
67
230
150
143
94
95
180
114
76
56
104
218
54
92
138
66
81
60
94
212
171
90
80
40
133
103
62
163
0
146
143
303
145
133
83
166
179
208
102
72
60
65
99
101
29
52
107
21
7
1
44
95
131
112
142
58
73
26
127
115
122
172
139
145
219
261
267
95
132
102
47
126
235
298
302
518
122
193
114
371
104
317
196
177
142
127
220
144
98
83
145
301
84
135
185
93
102
77
124
281
233
121
130
65
176
136
83
235
0
190
200
407
214
171
121
207
244
285
135
92
77
88
134
131
53
71
126
32
10
4
60
137
194
187
176
80
99
33
157
162
159
255
178
182
274
330
321
122
161
126
68
157
314
358
397
650
157
258
154
471
140
418
234
207
187
180
272
169
127
108
179
364
108
133
233
131
126
90
157
347
297
137
168
79
209
183
104
292
0
232
251
514
278
221
152
261
295
354
166
119
92
119
109
167
79
92
148
37
11
6
60
167
249
267
219
99
116
39
196
213
191
377
215
212
234
398
389
146
192
145
90
196
384
444
500
785
183
326
180
565
175
509
284
246
167
215
322
201
181
93
214
424
133
158
272
155
148
114
190
402
375
148
199
92
244
220
130
368
0
272
292
626
341
272
170
336
365
422
210
151
118
149
140
199
97
107
163
55
12
7
81
192
195
332
244
122
134
45
245
259
238
482
262
253
300
456
454
170
227
176
109
216
441
551
604
913
206
393
198
673
222
599
326
287
217
249
381
243
229
115
246
484
157
180
307
170
175
131
212
470
437
166
237
112
280
259
162
426
0
309
334
731
398
332
225
410
431
486
252
122
154
174
183
234
118
126
181
61
19
9
101
217
228
389
281
153
148
59
286
296
268
606
318
270
351
390
515
196
254
198
118
238
501
620
687
1036
222
437
227
772
254
672
366
321
253
286
430
271
268
140
287
545
185
212
205
189
188
145
237
540
494
183
264
132
314
304
187
469
0
346
378
823
452
380
251
456
487
532
279
149
181
203
198
194
145
143
202
74
23
13
117
244
246
442
330
173
174
63
235
347
308
721
373
316
401
444
589
220
276
235
133
256
559
714
787
1143
246
492
249
874
278
744
410
360
296
329
465
303
207
164
327
639
119
252
238
212
219
157
274
605
563
211
298
142
354
347
201
512
0
401
414
917
497
441
294
519
534
580
304
166
194
141
222
228
178
162
230
86
26
15
132
168
275
471
374
196
192
73
282
396
342
830
427
355
445
503
479
249
300
261
141
281
615
813
858
1280
277
544
278
985
297
811
457
275
330
364
524
351
235
179
380
691
146
285
290
219
245
176
304
675
623
242
316
160
393
391
223
565
0
466
464
1020
537
488
330
578
600
645
230
192
218
167
271
267
188
179
264
90
30
16
146
205
307
504
419
218
224
82
316
434
375
881
472
396
357
569
543
269
341
283
153
305
667
890
930
1419
302
593
306
1063
326
872
515
313
358
410
579
390
257
198
420
787
165
251
330
251
270
191
334
743
666
263
345
172
440
424
243
623
0
501
518
1122
587
529
354
632
658
718
257
220
238
194
238
281
166
198
293
97
32
47
161
242
196
538
470
232
247
90
358
520
414
932
511
446
413
642
618
292
367
314
164
348
726
954
1015
1544
339
646
339
1157
348
957
434
371
390
252
637
302
281
220
269
859
186
280
370
268
301
216
366
816
738
303
383
190
488
449
267
670
0
553
553
1212
640
568
373
678
723
791
298
243
251
220
265
321
173
215
334
105
33
48
178
278
262
587
519
253
264
99
400
560
465
1011
550
411
466
543
663
315
419
340
179
381
799
1002
1092
1652
369
689
369
1249
385
1049
452
398
443
290
682
332
303
246
306
945
215
326
417
300
230
229
396
882
799
332
429
213
527
487
287
746
0
588
615
1319
717
607
407
721
785
570
331
149
267
246
297
359
196
180
355
115
26
51
193
316
320
672
553
276
288
106
431
607
500
1099
595
446
523
613
725
337
441
363
204
414
874
1070
1184
1794
401
762
410
1350
421
762
489
433
482
339
732
361
337
268
340
1001
242
361
350
342
254
249
426
945
863
348
466
223
562
533
309
801
0
640
655
1430
775
660
440
784
839
636
364
174
285
273
321
293
213
199
371
122
27
51
204
347
381
745
593
294
303
111
340
648
532
1223
630
475
588
682
622
317
477
385
218
452
938
1162
1289
1930
425
826
430
1441
457
849
543
465
385
371
784
392
387
257
373
1056
159
383
382
359
279
271
461
1012
934
358
505
240
596
572
333
878
0
677
703
1541
842
710
460
865
702
704
405
208
312
180
350
331
235
215
388
140
29
53
222
236
420
809
619
255
323
119
390
696
578
1328
681
516
474
735
683
344
509
411
233
474
992
1268
1385
2053
445
889
452
1554
518
941
585
503
429
412
842
436
442
279
409
1120
184
413
418
332
300
256
486
1077
1002
375
544
256
632
608
363
939
0
711
738
1642
899
766
516
930
776
769
319
236
348
206
391
360
253
232
264
143
36
55
243
262
265
862
656
292
340
114
429
771
619
1442
749
561
525
801
748
366
497
438
243
493
1055
1335
1477
2177
464
933
479
1651
547
1016
618
539
471
447
887
462
472
310
450
1184
212
335
441
356
317
268
510
1146
1057
392
566
277
666
655
389
973
0
755
786
1738
959
816
548
739
831
814
345
258
373
234
312
383
267
249
287
158
39
97
262
283
278
913
707
311
365
117
476
821
652
1564
799
489
568
702
816
389
518
472
258
513
1113
1425
1574
2285
486
996
500
1760
560
1088
668
578
510
488
920
469
363
329
492
1288
237
373
476
376
343
280
379
1214
1134
424
605
287
707
699
402
1021
0
816
822
1829
997
877
581
801
881
867
371
277
387
257
334
417
297
266
315
168
42
99
279
309
308
944
750
334
383
127
523
834
685
1665
866
529
615
756
874
418
545
421
268
533
1170
1524
1644
2422
515
1052
528
1919
579
1161
719
502
544
532
981
516
387
342
541
1344
260
405
526
391
297
293
408
1283
1195
450
625
305
749
743
421
1078
0
878
878
1924
1039
917
615
862
949
657
406
166
409
281
382
451
308
217
348
208
40
99
291
342
338
972
790
354
417
135
555
857
721
1712
914
567
677
824
791
401
580
444
278
560
1227
1597
1719
2560
535
1097
558
2115
605
1214
770
548
576
571
1040
555
410
361
581
1440
280
439
458
424
320
313
438
1352
1239
476
665
318
796
777
442
1132
0
918
929
2030
1092
962
558
913
1003
734
434
191
430
310
409
411
316
237
382
216
40
90
308
380
381
1010
843
372
434
143
448
843
764
1768
955
614
606
892
870
427
604
477
283
605
1284
1656
1804
2677
575
1150
588
2210
630
1300
633
597
610
348
1095
476
421
389
374
1514
171
471
495
438
352
335
466
959
1312
509
703
339
836
802
462
1184
0
972
961
2118
1144
998
584
951
881
810
475
216
441
191
433
448
328
256
419
223
41
91
326
282
317
1063
891
389
456
154
490
915
813
1851
996
653
656
967
926
449
627
498
302
636
1365
1706
1882
2792
608
1191
622
2308
668
1394
646
614
656
371
1138
504
442
411
410
1597
200
515
545
435
369
325
498
1030
1373
536
748
361
882
841
481
1262
0
1007
1029
2225
1217
700
614
996
945
884
412
239
456
219
469
486
350
276
314
230
44
94
338
316
369
1152
924
412
477
130
523
969
801
1948
1016
554
713
849
978
472
652
520
323
673
1429
1772
1973
2936
636
1266
662
2403
700
1061
686
653
690
425
1186
531
483
430
446
1648
232
415
586
479
395
350
530
1090
1151
553
781
370
915
888
508
1326
0
1056
1062
2342
1281
756
640
873
999
952
442
266
480
251
404
508
350
294
328
240
45
143
344
347
430
1223
958
430
491
136
563
1016
832
2064
1050
587
781
914
1039
503
687
470
337
616
1495
1872
2083
3068
658
1329
678
2496
743
1150
739
684
568
449
1246
564
530
430
476
1710
252
441
620
490
420
365
408
1152
1220
562
820
391
950
928
532
1400
0
1091
1114
2447
1018
800
665
955
1065
1022
480
296
506
284
433
552
377
307
344
256
47
145
363
373
463
1285
984
385
513
143
611
1020
879
2178
1109
630
838
971
944
513
711
493
351
639
1553
1968
2168
3191
678
1385
707
2613
850
1240
777
725
606
493
1300
607
583
451
511
1773
277
470
653
504
379
382
434
1217
1286
609
852
403
983
961
558
1454
0
1127
1146
2549
1077
857
718
1017
1134
757
522
184
540
305
470
579
390
271
359
302
71
146
385
403
497
1337
1027
422
534
155
649
1054
916
2287
1160
676
736
1036
1013
531
736
526
363
655
1488
2037
2266
3307
698
1432
729
2709
886
1314
820
759
650
532
1346
632
610
483
553
1840
303
502
546
530
399
395
454
1282
1338
628
879
423
1019
1008
587
1484
0
1171
1196
2644
1135
915
724
1068
1186
799
547
206
562
333
485
494
416
290
383
315
72
147
398
424
298
1384
1074
442
560
158
549
1114
951
2411
1211
715
772
1089
1082
562
738
554
376
679
1545
2126
2360
3416
720
1496
752
2827
894
1392
864
800
691
572
1381
636
494
493
530
1946
198
543
580
548
428
404
498
987
1418
667
636
433
1064
1058
596
1535
0
1231
1232
1794
1173
966
756
1130
1057
855
575
224
576
198
507
527
413
306
409
327
77
147
415
300
323
1415
1115
461
576
168
594
1165
937
2501
1282
666
821
966
1136
588
767
577
388
699
1598
1952
2427
3562
745
1552
777
2986
914
1469
914
703
732
617
1450
678
514
504
574
2013
220
575
632
582
454
386
531
1056
1474
670
655
448
1110
1100
615
1599
0
1287
1287
1886
1214
759
790
1187
1126
914
481
257
597
221
548
556
424
316
325
334
83
147
429
334
354
1434
1150
482
611
164
628
1201
975
2553
1193
709
881
1037
1201
604
800
551
398
686
1651
2022
2500
3694
768
1599
807
3201
939
1514
967
753
764
656
1505
715
539
528
612
2102
240
507
671
611
477
409
558
1126
1326
707
696
462
1155
1128
634
1645
0
1328
1359
1990
1272
804
808
1092
1176
989
512
277
614
252
510
576
438
337
366
340
83
184
442
373
397
1478
1207
500
628
172
674
1233
1024
2611
1230
755
938
1105
1139
614
824
584
411
728
1701
2080
2271
3806
806
1647
837
3302
969
1606
832
799
802
380
1556
615
549
555
361
2179
268
539
709
627
509
429
464
1199
1394
735
731
458
1193
1158
655
1702
0
1380
1395
2078
1112
839
838
1130
1240
1070
553
298
625
273
532
607
453
354
398
349
84
186
460
410
470
1543
1253
520
654
184
668
1241
1071
2703
1272
793
858
1173
1189
637
873
605
426
759
1708
2127
2345
3936
841
1692
869
3409
1008
1696
846
824
840
423
1599
639
569
577
395
2261
290
583
759
659
457
440
494
1267
1460
792
773
478
1239
1199
675
1778
0
1093
1464
2188
1180
886
865
1188
1302
860
592
182
640
303
566
639
476
327
418
389
84
189
470
441
315
1621
1288
540
672
190
703
1372
1100
2850
1261
825
917
1242
1260
660
860
628
448
796
1775
2199
2445
4073
862
1766
908
3501
1040
1292
882
858
871
468
1642
667
614
592
432
2316
325
610
668
702
482
465
528
1323
1531
807
808
489
1032
1243
705
1837
0
1141
1490
2307
1244
937
859
1255
1362
926
627
207
665
337
588
583
491
339
433
399
84
188
484
474
373
1691
1320
560
690
195
575
1389
1098
2965
1295
781
985
1118
1304
688
895
652
461
827
1837
2067
2552
4048
889
1836
924
3601
1079
1378
936
892
756
492
1705
706
654
612
462
2376
203
641
706
712
505
477
559
1076
1591
816
625
502
1072
1277
732
1908
0
1181
1543
1757
1300
987
894
1329
1274
996
663
234
692
229
625
619
517
359
449
411
87
189
497
330
403
1751
1348
517
707
203
613
1436
1143
3084
1353
824
1048
1172
1363
713
930
629
476
791
1893
2151
2628
4170
909
1881
954
3713
1211
1461
970
929
790
538
1757
745
705
633
496
2440
227
666
734
694
525
473
583
1140
1654
830
656
516
1100
1319
752
1957
294
1217
1574
1858
1362
837
945
1386
1341
1062
569
265
725
252
658
641
537
375
368
415
96
192
517
358
436
1804
1395
551
728
190
652
1465
1181
3140
1292
869
1093
1239
1296
723
952
666
486
809
1953
2228
2581
4280
930
1932
977
3807
1248
1537
1021
963
837
575
1801
768
732
667
536
2512
252
575
766
722
548
487
607
1203
1495
850
684
532
1143
1179
780
1990
294
1260
1617
1956
1411
899
974
1242
1392
1106
593
286
746
274
579
661
549
395
393
429
97
247
546
411
460
1846
1441
571
750
192
703
1515
1220
3259
1347
906
917
1296
1363
755
976
692
504
833
1963
2320
2666
4379
1029
2000
1000
3930
1255
1616
1063
1008
880
614
1832
781
605
678
554
2620
285
615
800
738
573
495
547
1272
1581
888
723
532
1183
1229
789
1161
294
1325
1657
2047
1223
943
1006
1299
1456
1152
622
301
759
303
592
683
570
412
417
443
102
249
556
440
258
1881
1484
591
766
204
701
1590
1253
3364
1420
948
969
1354
1414
780
991
714
518
854
2022
2410
2732
4523
1054
2055
1030
4093
1277
1685
1113
885
916
661
1899
822
625
692
595
2693
307
644
843
759
559
510
580
1346
1636
977
745
546
1229
1271
720
1226
294
1203
1714
2135
1266
981
1039
1353
1523
921
655
187
780
324
623
710
579
382
443
485
106
249
571
473
292
1899
1524
610
798
209
738
1623
1268
3414
1462
874
1026
1277
1476
795
1025
744
525
892
2080
2331
2809
4501
1077
2002
1053
4327
1301
1741
1164
935
948
700
1950
861
652
718
635
2781
325
683
769
790
586
530
605
1412
1692
1017
782
558
1105
1282
741
1268
294
1245
1757
2232
1331
1026
1062
1405
1584
996
692
205
797
354
644
670
589
401
490
491
106
247
586
508
341
1944
1577
628
810
217
609
1637
1300
3479
1499
922
1081
1345
1551
821
1052
732
541
900
2130
2389
2893
4628
1105
2047
1083
4421
1332
1829
1013
978
994
386
1999
760
676
742
369
2859
208
716
811
803
613
550
636
1155
1758
1047
661
577
1143
1315
761
1330
294
1296
1799
1770
1382
1062
1098
1437
1462
1071
732
226
811
214
669
703
605
417
511
503
108
254
605
394
415
2014
1621
651
968
230
644
1666
1345
3561
1538
962
1136
1417
1448
840
1093
750
558
928
2212
2438
2808
4759
1141
2098
1107
4525
1372
1920
1047
1004
1034
430
2048
782
694
764
397
2935
225
757
859
815
630
550
668
1222
1819
1067
706
596
1188
1356
763
1400
484
1331
1859
1879
1449
866
1125
1498
1519
1144
634
254
825
241
700
738
631
438
439
504
111
257
614
426
468
2096
1656
669
959
216
681
1722
1377
3666
1480
988
998
1483
1521
862
1121
774
581
973
2232
2521
2912
4890
1229
2172
1145
4615
1402
1496
1081
1041
1063
473
2095
806
742
780
439
2991
260
637
892
852
655
574
699
1275
1696
1081
738
606
1210
1244
793
1464
484
1372
1920
1999
1516
917
1150
1381
1581
1210
671
279
848
277
654
770
610
453
456
516
112
304
634
476
298
2163
1687
693
976
223
721
1827
1409
3795
1517
1023
1065
1550
1580
891
1124
806
596
996
2293
2625
3031
5026
1258
2245
1163
4760
1445
1587
1137
1071
964
498
2153
848
784
793
469
3050
280
664
929
863
680
590
578
1341
1759
1093
770
633
1252
1281
707
956
484
1416
1973
2104
1403
975
1191
1456
1648
1280
711
307
880
303
694
804
633
471
471
527
116
306
653
497
328
2219
1715
648
971
230
741
1840
1433
3916
1580
983
1124
1429
1621
912
1158
823
612
1017
2351
2592
3103
5081
1278
2216
1184
4865
1600
1664
1171
1106
996
541
2207
886
826
814
505
3109
302
690
953
878
632
601
603
1406
1817
1181
803
647
1279
1322
689
917
484
1290
2003
2198
1463
1028
1235
1511
1709
1062
747
198
910
327
721
834
652
457
485
568
127
309
671
525
359
2276
1763
679
959
240
784
1882
1471
4033
1618
1028
1172
1493
1697
935
1178
820
623
997
2406
2679
3206
5192
1298
2267
1206
4960
1638
1741
1221
1144
1042
579
2247
905
851
846
544
3186
329
728
851
904
654
614
634
1465
1883
1206
832
664
1178
1019
715
953
484
1341
2051
2295
1510
1086
1260
1566
1762
1101
776
217
929
351
743
738
677
475
514
580
129
307
686
544
385
2309
1803
699
968
247
678
1888
1504
4140
1671
