39
42
54
61
17
12
11
3
8
13
47
29
18
2
3
4
13
0
0
6
5
0
1
0
3
3
1
1
0
31
28
52
16
20
17
22
56
54
33
20
9
17
18
0
11
0
4
5
5
4
3
3
0
0
1
1
0
0
25
49
42
10
16
31
0
0
0
4
0
33
34
49
4
6
7
9
30
17
31
47
77
105
119
125
25
27
24
8
15
23
72
50
41
5
12
7
24
2
4
11
10
1
3
0
10
5
1
4
0
53
61
90
44
44
27
50
122
93
47
40
16
43
43
0
17
0
10
9
16
9
3
3
0
1
3
1
0
0
48
71
62
21
32
64
0
0
0
7
0
71
62
92
6
15
15
17
59
32
55
85
100
157
194
200
40
39
43
12
29
33
92
84
58
6
18
11
38
5
5
14
12
2
3
0
13
8
1
4
0
54
92
135
64
75
46
79
183
145
87
75
23
64
53
0
21
0
14
10
20
13
5
4
1
2
9
2
0
0
65
98
100
25
48
102
0
0
0
11
0
131
112
142
9
18
21
29
95
61
92
124
143
217
256
259
54
54
56
19
44
46
107
110
69
12
20
15
59
6
12
18
13
3
3
0
17
10
1
10
0
83
134
178
90
95
59
103
247
198
115
121
38
82
65
0
26
0
18
14
30
18
6
4
3
4
9
2
0
0
88
133
129
46
65
120
0
2
0
13
0
194
187
176
11
20
23
33
133
86
130
155
180
272
323
312
71
61
67
27
54
62
127
145
90
14
30
19
73
10
14
22
17
3
4
0
19
12
1
12
0
107
131
225
125
118
71
132
304
254
129
154
47
102
84
0
33
0
20
19
34
27
6
4
5
4
11
4
0
0
119
108
162
71
84
140
0
2
0
14
0
249
267
219
13
25
26
37
177
108
192
187
210
232
388
379
85
71
72
37
73
85
153
181
105
17
39
21
88
11
23
29
21
3
5
0
23
19
1
13
0
132
155
264
148
140
90
164
353
321
140
183
56
119
103
0
40
0
24
21
40
31
10
4
8
5
12
6
0
0
148
138
193
88
97
150
0
3
0
16
0
195
332
244
13
30
29
47
214
132
247
227
251
298
446
438
97
82
91
47
80
101
186
211
125
21
51
25
103
19
29
31
21
4
8
0
30
23
1
16
0
156
177
299
163
164
102
185
405
372
158
219
65
133
120
0
50
0
29
21
46
35
14
6
10
6
14
8
0
0
172
181
225
106
114
166
0
8
0
21
0
228
389
281
17
35
39
50
244
150
309
275
268
349
379
498
110
91
102
52
89
117
214
255
140
24
54
27
116
20
34
35
21
4
8
0
35
27
1
19
0
184
209
197
182
174
115
204
469
423
173
246
72
148
141
0
56
0
32
23
51
41
15
7
10
6
16
8
0
0
201
196
184
130
130
185
0
10
0
24
0
246
442
330
22
42
43
55
288
177
363
328
313
399
433
570
124
98
123
58
96
122
244
287
160
26
61
28
129
12
36
40
26
5
9
0
40
30
1
24
0
118
248
227
202
200
126
235
524
484
198
275
77
168
162
0
65
0
40
26
60
46
17
11
11
8
19
9
0
0
137
219
217
162
146
210
0
11
0
27
0
275
471
374
24
47
49
65
324
192
422
376
352
442
491
459
142
107
135
60
102
136
288
312
179
29
64
31
144
12
36
47
33
5
11
0
45
32
1
25
0
145
281
278
209
222
139
259
583
538
229
292
86
186
181
0
73
0
45
30
65
51
20
14
11
8
20
10
0
0
163
268
255
171
163
243
0
11
0
31
0
307
504
419
28
53
57
75
349
210
451
358
393
354
555
522
148
125
148
65
110
143
313
339
199
31
72
34
152
14
28
50
36
6
12
0
52
35
1
27
0
164
247
316
239
247
150
286
643
573
249
319
93
213
204
0
79
0
50
34
78
57
20
14
11
9
23
10
0
0
190
235
269
147
180
271
0
11
37
34
0
196
538
470
30
61
63
80
432
225
476
395
442
410
627
595
164
136
168
71
124
156
330
369
217
31
79
38
172
17
30
53
39
6
12
0
55
37
1
30
0
184
276
355
255
276
171
313
708
632
287
354
106
233
213
0
82
0
55
35
83
58
22
15
12
11
29
11
0
0
216
261
309
154
195
309
0
11
37
39
0
262
587
519
34
64
69
92
468
255
515
431
406
463
527
637
178
152
182
77
138
168
344
398
228
37
80
42
187
19
37
36
39
7
12
0
58
39
1
34
0
213
321
399
286
204
181
339
766
685
312
397
120
251
226
0
88
0
58
39
93
65
23
15
14
12
29
11
0
0
242
293
344
173
157
328
0
13
37
41
0
320
672
553
35
66
71
95
505
279
554
467
441
520
595
697
190
157
192
87
150
188
367
430
249
39
91
46
202
23
38
39
45
7
13
0
60
41
1
35
0
240
355
331
324
227
198
365
822
740
327
429
125
269
247
0
93
0
61
44
97
74
23
15
18
13
32
13
0
0
269
316
276
190
175
343
0
13
36
42
0
381
745
593
37
71
74
99
539
301
617
497
470
585
661
592
160
169
199
92
169
206
391
468
266
43
101
47
217
24
48
45
38
7
14
0
64
47
1
36
0
157
377
363
341
251
215
399
881
801
337
465
137
286
268
0
101
0
67
46
103
77
27
15
20
13
32
15
0
0
175
345
312
208
189
354
0
15
36
44
0
420
809
619
14
76
78
108
577
326
669
541
511
471
714
649
173
178
215
101
177
222
427
498
285
46
113
51
233
31
55
49
38
8
17
0
74
53
1
39
0
182
407
399
314
268
196
423
932
857
354
503
143
302
282
0
110
0
70
46
109
81
31
17
21
14
34
17
0
0
200
386
339
225
205
229
0
20
36
50
0
265
862
656
19
83
88
112
646
351
728
507
556
522
779
713
182
152
228
107
185
235
452
548
301
51
115
53
247
34
60
51
39
8
17
0
78
55
1
42
0
210
328
422
337
284
207
441
994
905
369
524
150
316
305
0
117
0
74
51
115
87
32
19
21
14
35
17
0
0
228
307
360
236
221
250
0
21
79
51
0
278
913
707
26
88
91
117
689
370
785
554
483
565
679
779
196
158
247
114
193
242
484
575
318
51
122
56
258
16
64
57
42
9
18
0
53
59
1
48
0
235
366
453
355
304
218
303
1053
975
398
558
154
335
328
0
125
0
82
51
122
93
34
22
22
18
40
18
0
0
249
328
393
266
235
275
0
23
79
56
0
308
944
750
27
94
97
127
680
385
838
615
523
612
732
836
212
167
181
118
199
255
524
599
335
54
128
60
273
17
65
62
46
11
21
0
58
61
1
49
0
258
398
502
370
256
225
326
1113
1030
424
577
163
352
350
0
131
0
88
57
127
98
35
25
22
18
41
19
0
0
273
376
426
277
186
307
120
23
79
60
0
338
972
790
30
99
104
138
690
404
869
661
561
674
797
752
184
181
196
121
206
263
547
629
353
56
133
62
281
18
45
65
51
12
22
0
65
65
1
51
0
278
432
432
401
279
241
352
1172
1065
449
614
170
379
370
0
136
0
91
59
137
103
36
25
22
19
44
19
0
0
302
402
386
283
204
339
120
23
70
65
0
381
1010
843
33
107
110
143
634
419
896
700
606
603
865
828
201
193
216
120
224
272
563
662
369
58
141
67
301
21
47
68
52
12
22
0
65
55
1
54
0
168
464
467
415
309
259
375
773
1125
480
649
184
396
378
0
141
0
96
61
142
105
37
26
23
21
49
20
0
0
183
425
423
295
220
374
120
23
70
69
0
317
1063
891
36
110
117
154
703
453
936
737
645
653
939
882
216
180
225
127
233
287
577
692
385
64
143
71
317
24
54
50
52
10
5
0
66
57
1
58
0
197
507
515
411
325
247
403
833
1177
503
692
199
416
392
0
146
0
99
66
152
112
38
26
25
22
49
21
0
0
211
461
458
313
238
294
116
25
70
70
0
369
1152
924
37
114
103
157
744
429
982
660
546
710
818
932
228
186
234
135
246
308
603
722
403
65
157
74
333
27
54
54
59
8
5
0
69
61
1
60
0
229
406
555
451
350
268
432
889
947
519
719
203
434
417
0
152
0
102
69
154
119
41
26
29
23
52
23
0
0
242
395
479
313
256
306
116
25
125
72
0
430
1223
958
39
117
105
163
786
449
1039
688
579
778
880
991
247
197
168
139
176
325
627
760
419
69
165
75
348
30
68
59
52
7
6
2
72
65
18
61
0
249
432
589
462
374
279
309
941
1005
528
756
215
450
435
0
162
0
108
71
161
124
43
26
31
23
53
24
0
0
275
424
521
336
267
317
116
27
125
74
0
463
1285
984
11
123
109
172
770
474
1093
737
622
835
937
892
245
198
184
147
182
338
662
791
437
71
174
80
364
35
70
62
52
7
7
2
82
69
18
64
0
274
461
622
476
329
292
332
996
1059
575
787
221
465
451
0
169
0
113
71
166
128
46
28
32
24
55
26
0
0
295
461
545
348
240
332
223
53
125
80
0
497
1337
1027
16
130
118
175
799
497
1152
787
668
733
1001
960
253
207
201
154
189
223
685
842
454
76
177
81
378
40
75
65
54
7
8
2
85
72
18
69
0
300
492
514
501
347
305
348
1054
1105
592
813
228
481
473
0
177
0
116
76
173
134
48
31
32
24
55
26
0
0
323
475
459
371
257
354
223
53
122
81
0
298
1384
1074
22
137
121
182
818
516
1208
832
706
769
1053
1027
272
196
217
161
198
231
718
870
468
76
184
86
392
19
80
72
57
8
8
2
55
75
14
11
0
195
533
545
517
371
313
385
749
1176
628
564
232
500
497
0
183
0
122
76
179
141
50
33
34
29
60
27
0
0
186
497
492
397
270
377
223
56
130
87
0
323
1415
1115
23
141
127
190
857
487
1259
899
657
818
929
1079
286
208
227
166
204
243
490
894
488
78
189
89
407
20
81
76
60
21
10
2
60
76
14
13
0
217
565
596
551
395
289
411
810
1225
631
582
238
522
522
0
192
0
126
80
184
146
51
35
34
30
61
28
0
0
209
538
520
408
283
314
223
56
130
93
0
354
1434
1150
28
148
134
200
883
508
1294
700
700
878
997
1144
291
221
191
169
168
244
515
921
508
80
195
92
414
21
54
80
65
22
10
2
67
81
14
14
0
237
497
633
578
418
308
436
870
1067
666
619
245
546
538
0
194
0
129
82
193
150
52
36
34
31
65
28
0
0
240
499
540
420
302
351
223
56
173
96
0
397
1478
1207
30
154
140
206
911
528
1320
734
744
935
1065
1079
291
232
211
175
186
251
529
641
521
82
202
96
437
24
58
83
66
23
10
2
69
67
14
17
0
264
529
668
594
447
322
336
935
1124
692
650
235
560
550
0
199
0
135
85
200
152
53
36
35
32
69
29
0
0
261
521
579
434
316
382
223
56
173
99
0
470
1543
1253
33
157
146
170
906
560
1364
772
782
855
1132
1126
306
245
222
180
196
191
542
667
537
88
207
100
453
27
64
67
67
15
5
2
72
68
14
20
0
286
572
716
624
394
333
362
994
1182
746
691
248
582
566
0
204
0
137
90
208
160
54
36
38
33
69
30
0
0
291
555
608
453
296
401
316
63
173
100
0
315
1621
1288
36
162
149
174
1026
581
1458
753
814
914
1197
1196
319
216
232
189
210
212
567
700
553
89
218
103
468
30
66
72
73
14
5
2
74
73
14
21
0
321
598
624
664
419
354
394
1047
1245
760
719
254
360
590
0
211
0
142
92
211
166
58
36
42
34
72
32
0
0
324
576
551
468
308
413
316
63
171
102
0
373
1691
1320
36
167
150
181
1006
566
1516
781
770
982
1072
1237
334
227
240
194
226
229
355
728
413
93
229
106
488
33
77
75
63
14
7
3
80
73
33
22
0
199
629
662
674
441
362
423
783
1294
769
535
257
378
603
0
220
0
147
94
217
171
60
37
43
35
73
34
0
0
216
608
592
491
326
424
316
66
177
98
0
403
1751
1348
11
172
154
178
1046
591
1573
831
813
1045
1126
1293
347
237
209
203
177
239
390
760
430
95
234
109
497
38
79
80
63
14
8
3
89
77
33
26
0
223
654
690
656
457
354
444
842
1346
782
565
262
390
626
0
227
0
151
94
222
175
62
38
44
35
75
35
0
0
238
641
619
510
341
352
313
72
177
104
0
436
1804
1395
15
178
153
180
1071
613
1576
669
858
1090
1192
1224
348
244
230
209
186
251
416
659
446
100
239
110
513
43
85
86
66
14
9
3
91
80
33
30
0
248
562
720
682
476
368
464
897
1180
799
592
269
410
461
0
238
0
156
99
231
179
64
41
44
35
75
35
0
0
265
561
641
519
358
374
313
72
235
107
33
460
1846
1441
21
184
155
188
1112
632
1630
717
894
914
1248
1290
367
256
245
220
194
213
449
686
449
176
244
115
526
19
89
92
68
15
9
3
69
83
32
9
0
281
602
752
696
498
374
398
956
1258
835
625
261
427
484
0
242
0
160
101
239
189
66
43
46
41
80
36
0
0
293
582
670
542
373
396
313
75
235
108
33
258
1881
1484
22
188
162
150
1165
655
1696
785
936
966
1304
1340
377
254
254
225
201
227
483
707
469
179
250
119
540
21
91
96
74
25
11
3
76
85
31
11
0
303
631
794
717
482
381
426
1024
1305
924
645
267
451
508
166
252
0
166
105
247
194
67
45
46
42
81
37
0
0
314
615
696
552
347
425
409
80
235
114
33
292
1899
1521
27
196
166
159
1189
652
1727
826
862
1023
1225
1402
383
267
271
228
214
236
361
736
340
180
154
121
548
22
63
98
76
26
11
3
80
89
31
12
0
321
670
719
746
507
400
449
1079
1349
962
679
273
301
511
166
253
0
168
108
255
198
68
46
47
43
87
38
0
0
346
635
656
560
364
468
409
80
233
117
33
341
1944
1574
28
200
172
163
1169
519
1755
859
908
1078
1292
1473
400
277
246
235
197
241
376
773
365
173
160
126
572
24
68
102
77
27
11
3
81
86
31
17
0
203
702
757
759
533
414
474
816
1404
990
554
285
316
523
166
258
0
174
110
263
201
69
46
47
45
89
38
0
0
207
660
692
577
377
488
409
80
244
122
33
415
2014
1618
32
204
178
171
1194
548
1793
894
948
1133
1363
1368
410
287
256
243
206
258
390
640
384
177
168
118
589
27
73
103
79
24
6
3
82
86
31
19
0
220
743
803
769
549
414
502
874
1458
1007
595
297
340
541
146
265
0
175
116
270
209
70
46
50
45
89
40
0
0
234
691
725
601
397
422
404
82
244
123
33
468
2096
1655
34
181
174
176
1240
571
1845
712
974
995
1426
1440
422
296
267
253
226
232
415
675
396
249
178
121
603
30
78
108
85
24
6
3
84
92
31
20
0
255
622
836
803
574
434
530
924
1327
1020
623
302
352
407
146
270
0
180
118
273
215
74
46
54
46
92
41
0
0
269
644
755
580
412
435
404
83
295
125
53
298
2163
1687
34
186
177
185
1334
420
1915
741
1009
1062
1492
1495
439
277
282
259
239
248
443
709
416
253
189
125
657
36
88
111
74
25
10
4
90
92
45
21
0
275
649
873
814
597
445
408
972
1376
1032
654
319
369
422
235
280
0
186
119
282
219
77
48
56
47
93
43
0
0
294
679
786
600
428
446
404
87
295
125
53
328
2219
1715
10
192
180
167
1333
427
1975
797
969
1121
1371
1534
450
287
291
270
247
264
369
744
368
256
120
118
668
38
91
114
74
25
10
4
98
94
45
25
0
297
675
897
829
545
453
429
1034
1427
1119
686
325
380
444
357
203
0
189
119
284
225
78
48
56
47
95
44
0
0
318
706
815
619
417
462
489
100
295
131
53
359
2276
1763
14
162
189
171
1369
451
2030
835
1014
1169
1434
1607
462
294
272
275
214
270
398
786
385
258
126
119
680
44
95
119
78
25
11
4
100
98
45
30
0
324
712
792
853
564
466
456
1084
1485
1140
713
331
258
462
357
214
0
195
124
293
227
80
53
56
48
95
45
0
0
345
727
718
641
432
488
489
101
291
134
53
385
2309
1803
20
158
194
180
1338
389
2079
881
