0
2
1
2
10
13
12
8
20
45
58
50
123
31
51
23
96
21
72
42
40
33
28
62
39
28
17
55
52
0
0
1
0
3
5
7
12
5
0
1
9
23
24
21
45
0
55
46
106
38
47
35
65
61
59
30
21
27
0
0
0
1
1
1
6
4
1
14
36
0
0
0
21
21
1
26
12
17
20
8
0
2
3
3
24
35
21
14
36
88
110
94
240
53
89
51
166
44
143
91
72
62
76
121
70
44
33
92
140
0
0
3
0
4
11
11
20
13
1
3
14
42
37
39
101
0
87
98
192
79
88
64
117
120
133
58
54
47
0
0
1
3
3
2
14
6
1
24
70
0
0
0
33
43
2
60
16
38
41
10
1
2
4
4
31
50
32
20
63
137
155
154
348
83
133
75
242
62
225
136
131
92
92
180
101
68
55
100
218
0
0
3
2
6
14
15
29
26
3
5
17
69
50
62
142
0
132
133
283
132
128
79
165
177
199
100
72
60
0
1
1
4
4
5
21
7
1
33
95
0
0
0
49
55
5
98
20
61
80
15
2
2
5
8
41
78
46
28
82
189
191
192
449
110
173
99
312
98
305
178
164
139
124
220
127
88
82
135
301
1
1
7
3
7
18
21
34
35
6
9
27
94
71
83
209
0
172
186
377
196
165
117
204
240
276
133
92
77
0
1
2
7
6
6
32
8
4
47
137
0
0
0
69
79
10
124
29
73
125
23
2
2
7
9
51
100
59
41
103
252
231
252
560
143
228
135
398
130
404
212
190
184
176
272
150
115
107
167
364
1
2
8
6
8
19
25
43
43
8
14
32
107
99
104
259
0
212
232
480
251
215
148
256
291
343
162
119
92
0
1
5
8
8
8
37
9
6
46
167
0
0
0
86
91
13
159
36
83
185
28
2
2
10
10
61
121
73
53
123
299
291
319
680
166
287
159
477
164
486
255
225
164
210
322
178
162
92
201
424
1
3
8
7
8
24
26
49
54
8
16
36
125
117
130
328
0
248
271
586
310
262
166
328
360
410
204
151
118
1
2
6
9
10
13
55
9
7
65
192
0
0
0
109
104
16
198
45
106
235
35
2
2
10
16
73
145
85
62
136
340
365
393
788
185
342
173
570
203
570
295
266
213
241
381
213
206
114
230
484
1
3
8
7
11
29
27
65
65
8
18
47
147
139
162
376
0
280
313
685
363
318
219
400
425
472
244
122
154
2
2
9
12
12
15
61
11
9
80
217
0
0
0
136
113
20
236
52
118
297
43
2
2
11
17
86
163
96
66
149
384
406
432
896
198
383
200
656
234
638
331
300
249
278
430
236
241
139
268
545
1
3
8
7
14
30
33
71
71
10
18
60
166
163
187
413
0
314
355
772
411
365
244
446
481
516
271
149
181
2
2
10
15
13
17
74
13
13
93
244
0
0
0
151
132
20
180
59
131
358
45
3
2
11
19
96
178
112
75
160
437
470
500
983
220
431
221
745
266
708
370
334
291
320
465
263
177
163
303
639
1
4
11
10
19
31
39
81
79
13
23
65
186
185
201
447
0
361
388
857
451
424
283
508
526
561
295
166
194
4
3
11
16
16
20
86
15
15
105
168
0
0
0
172
145
24
217
72
150
408
51
3
3
12
20
107
193
126
81
179
479
525
546
1101
248
480
247
841
285
775
410
242
325
353
524
306
203
178
355
691
1
4
12
10
23
37
45
92
85
13
24
74
207
210
223
492
0
421
434
955
486
468
316
567
592
625
220
192
218
4
3
12
17
16
21
90
19
16
115
205
0
0
0
190
171
25
241
85
165
430
114
3
3
14
21
121
216
135
88
195
524
577
591
1220
271
521
272
911
312
844
465
277
352
398
579
338
222
197
393
787
1
4
14
12
23
41
48
100
93
14
26
79
227
220
243
544
0
451
484
1044
530
509
340
621
649
695
247
220
238
4
3
12
19
18
22
97
21
10
127
242
0
0
0
202
186
27
278
88
189
456
116
4
3
15
23
128
231
146
93
224
570
624
646
1327
308
567
301
985
331
927
381
332
384
240
637
247
244
219
239
859
2
4
15
13
25
45
53
108
106
16
29
84
255
236
267
588
0
498
518
1129
582
546
358
666
712
762
287
243
251
4
4
12
19
20
25
105
22
11
139
278
0
0
0
219
200
30
308
92
210
496
119
5
3
16
26
137
267
158
102
243
631
658
694
1424
332
609
327
1062
366
1012
416
359
436
278
682
274
264
245
272
945
2
5
18
14
26
48
57
116
114
20
32
93
276
261
287
658
0
530
576
1226
652
584
392
707
773
541
320
149
267
4
4
15
23
23
27
115
13
14
152
316
0
0
0
241
222
35
336
102
221
545
128
5
3
18
28
147
284
171
117
264
686
703
754
1545
362
671
364
1148
398
724
450
388
475
326
732
301
296
267
305
1001
2
6
19
18
27
51
61
123
123
21
37
98
293
286
309
708
0
579
611
1333
701
637
425
766
826
604
351
174
285
4
5
17
23
24
28
122
14
15
162
347
0
0
0
257
232
37
241
109
231
606
133
5
3
21
30
157
308
186
126
283
732
771
821
1664
382
725
383
1224
433
801
498
427
378
357
784
328
340
256
337
1056
2
6
19
18
28
56
62
131
133
21
40
103
310
304
333
777
0
610
657
1438
765
683
445
845
689
672
390
208
312
5
5
19
27
26
34
140
14
17
178
236
0
0
0
241
247
41
282
119
252
659
140
5
3
21
34
171
331
196
132
297
770
841
887
1768
399
776
401
1321
487
886
536
465
421
395
842
362
389
278
370
1120
2
6
19
18
32
60
63
145
145
21
41
113
330
326
363
829
0
641
692
1533
818
735
499
909
762
735
302
236
348
6
5
21
28
27
35
143
16
19
193
262
0
0
0
273
257
26
317
125
268
714
242
5
3
22
35
184
345
210
136
308
820
883
929
1876
413
818
426
1404
513
956
567
500
463
430
887
384
417
309
408
1184
2
7
19
19
33
61
69
152
152
23
42
127
350
350
389
856
0
681
735
1623
872
784
529
718
817
779
328
258
373
6
5
23
31
28
37
158
18
18
211
283
0
0
0
285
277
26
359
132
282
779
245
6
3
23
37
193
360
225
144
320
871
941
999
1967
435
874
444
1502
544
1024
611
536
501
470
920
416
304
328
444
1288
2
7
23
21
39
62
76
161
159
26
47
133
372
371
402
896
0
734
771
1707
904
843
559
779
863
827
353
277
387
8
6
24
31
31
40
168
19
20
223
309
0
0
0
307
289
30
396
154
300
827
251
6
3
24
38
206
378
240
150
334
915
1000
1045
2087
461
924
468
1646
562
1096
657
456
533
511
981
458
326
341
492
1344
2
7
24
21
41
68
82
170
165
26
48
142
397
393
421
947
0
790
821
1797
941
882
590
840
931
616
387
166
409
8
6
25
31
31
41
88
17
20
231
342
0
0
0
324
318
31
417
167
317
843
253
6
3
27
39
217
399
248
157
354
964
1050
1090
2207
479
964
496
1834
587
1169
705
497
564
549
1040
490
345
360
530
1440
2
7
26
23
41
72
86
180
174
27
51
148
417
407
442
996
0
827
870
1893
989
926
533
891
984
690
415
191
430
8
7
25
33
33
43
96
17
20
243
380
0
0
0
339
327
33
305
209
345
872
255
8
3
27
42
226
411
261
163
381
1012
1093
1142
2308
517
1009
521
1909
609
1253
565
545
598
326
1095
411
366
388
320
1514
3
7
28
23
43
76
91
186
187
29
54
155
440
424
462
1043
0
876
900
1976
1039
961
558
928
860
761
455
216
441
8
8
25
33
36
45
103
18
21
257
282
0
0
0
353
346
37
336
212
360
915
259
8
3
28
44
233
447
273
175
403
1078
1129
1190
2407
544
1048
551
1991
644
1340
596
562
646
366
1138
438
385
410
352
1597
3
8
30
24
44
78
95
197
196
33
56
162
466
449
481
1116
0
908
963
2073
1105
662
588
971
923
835
391
239
456
8
8
28
37
38
20
114
19
24
268
316
0
0
0
375
363
27
366
225
372
966
356
8
3
31
46
244
466
286
188
427
1121
1169
1251
2533
571
1109
588
2070
673
1007
632
594
682
420
1186
462
422
429
386
1648
3
9
31
28
45
82
98
201
204
34
62
167
481
471
508
1174
0
954
993
2188
1162
715
614
844
976
900
419
266
480
9
9
29
37
38
22
124
20
18
272
347
0
0
0
391
374
31
400
230
383
1025
362
8
3
34
48
256
490
302
198
440
1170
1245
1323
2649
589
1164
603
2148
713
1082
680
632
561
443
1244
492
465
412
415
1710
3
9
31
28
46
86
99
211
215
34
64
176
500
493
532
1238
0
983
1043
2286
894
757
639
924
1042
969
456
296
506
9
9
31
41
40
27
140
20
20
289
373
0
0
0
374
390
34
439
250
405
1085
372
8
3
34
52
268
513
309
204
457
1215
1306
1377
2754
607
1211
627
2249
815
1170
715
673
599
486
1298
525
514
433
447
1773
3
9
31
28
50
90
102
221
227
34
65
182
518
510
558
1285
0
1014
1075
2383
949
811
690
985
1110
702
496
184
540
10
9
34
42
31
27
79
18
21
305
403
0
0
0
406
404
37
474
255
419
1135
373
8
3
35
53
278
529
325
209
466
1265
1352
1424
2853
622
1255
648
2331
846
1239
755
705
643
524
1344
547
538
465
484
1840
3
10
32
29
52
90
106
228
233
36
66
195
538
535
587
1307
0
1055
1120
2471
1001
867
693
1036
1162
744
521
206
562
10
10
35
45
33
29
92
19
25
317
424
0
0
0
420
423
37
367
296
435
1203
379
9
3
36
55
290
542
337
215
481
1314
1408
1490
2948
644
1312
666
2435
875
1312
792
743
683
564
1379
581
419
479
519
1946
3
10
35
31
57
91
113
238
242
39
72
201
564
561
596
1352
0
1109
1156
1615
1032
916
723
1096
1028
795
548
224
576
12
10
35
16
36
32
104
21
17
328
300
0
0
0
438
435
41
404
308
450
1242
383
9
3
37
57
302
559
350
222
495
1355
1462
1533
3074
667
1363
688
2579
894
1388
838
643
711
607
1448
618
438
490
561
2013
3
10
36
31
59
97
120
246
249
39
73
210
588
578
615
1407
0
1161
1207
1702
1068
708
755
1153
1096
853
453
257
597
12
10
36
16
33
11
111
27
17
336
334
0
0
0
454
463
30
428
318
467
1259
493
9
3
40
57
313
579
360
229
518
1407
1507
1579
3186
688
1404
715
2787
918
1460
887
688
742
646
1503
648
458
514
598
2102
3
10
38
33
59
101
122
256
259
41
77
217
609
590
634
1451
0
1199
1277
1797
1122
752
772
1058
1145
924
484
277
614
12
11
36
18
35
15
117
27
11
346
373
0
0
0
470
474
32
468
322
496
1291
496
11
3
40
60
323
592
373
236
542
1450
1551
1630
3285
724
1445
741
2865
945
1548
749
733
779
370
1554
546
482
541
344
2179
4
10
41
33
62
107
128
264
270
43
81
223
633
608
655
1503
0
1245
1310
1878
960
786
802
1095
1208
1001
524
298
625
12
11
28
19
38
16
126
28
13
361
410
0
0
0
487
497
38
498
335
511
1339
500
11
3
41
63
331
628
383
246
563
1517
1585
1678
3399
753
1485
769
2956
981
1632
779
757
825
418
1597
567
501
563
375
2261
4
11
43
35
63
107
132
273
278
46
82
230
657
633
675
1574
0
956
1374
1980
1020
832
829
1150
1269
791
562
182
640
12
11
31
23
31
17
73
21
16
370
441
0
0
0
504
510
41
529
346
519
1392
508
11
3
45
64
341
644
396
259
586
1563
1632
1745
3520
773
1548
805
3033
1010
1226
810
785
857
463
1640
593
541
578
411
2316
4
12
44
38
63
111
134
276
286
47
89
235
672
653
705
1626
0
999
1398
2096
1078
879
823
1213
1328
854
595
207
665
13
12
32
23
31
20
83
21
17
382
474
0
0
0
524
523
45
394
383
532
1449
514
11
3
46
67
354
668
412
267
601
1608
1712
1824
3635
796
1607
818
3113
1046
1301
861
829
742
485
1702
626
581
579
440
2376
4
12
44
38
64
115
136
293
297
47
90
245
694
674
732
1688
0
1034
1449
1540
1129
927
857
1286
1239
923
629
234
692
13
17
27
26
33
25
95
21
12
399
330
0
0
0
506
535
49
435
390
552
1511
522
11
3
46
70
366
693
420
273
614
1654
1761
1868
3740
814
1647
845
3216
1173
1382
890
866
776
530
1754
656
628
600
470
2440
4
12
44
38
68
119
139
298
308
48
91
254
710
693
752
1730
294
1066
1480
1636
1187
775
907
1342
1306
987
534
265
725
14
17
22
27
34
16
102
24
15
413
358
0
0
0
536
550
37
472
394
568
1564
623
11
3
47
72
375
708
436
277
623
1702
1812
1922
3834
830
1693
867
3294
1205
1452
935
897
823
566
1798
677
652
634
506
2512
4
13
46
40
72
119
143
306
315
51
92
263
733
718
780
1752
294
1104
1518
1725
1232
835
933
1198
1357
1031
558
286
746
9
18
20
30
37
19
116
25
12
439
378
0
0
0
550
566
37
515
403
588
1629
630
12
3
48
73
388
720
447
284
639
1750
1871
1980
3930
853
1756
885
3404
1236
1527
971
940
865
605
1829
712
522
646
545
2620
4
13
48
42
75
121
149
316
323
53
98
271
756
745
789
919
294
1165
1556
1808
1034
877
963
1253
1415
1072
586
301
759
10
10
13
28
39
21
130
27
14
448
407
0
0
0
569
578
42
551
425
598
1668
635
12
3
50
74
403
737
460
293
653
1795
1927
2025
4054
875
1805
911
3553
1256
1594
1017
811
891
650
1896
746
540
661
584
2693
4
13
49
42
77
129
154
322
331
53
100
279
778
763
554
974
294
1037
1609
1888
1072
914
994
1307
1481
840
618
187
780
10
8
14
27
35
18
76
26
14
457
440
0
0
3
583
602
43
579
434
616
1687
636
12
3
52
74
412
758
473
297
678
1844
1970
2073
4161
897
1848
932
3779
1279
1678
1066
859
922
689
1947
781
563
687
623
2781
4
13
50
44
79
130
156
333
343
55
103
285
804
771
575
1015
294
1077
1649
1977
1133
958
1016
1358
1541
909
654
205
797
8
9
14
29
37
22
82
26
14
469
475
0
0
3
600
610
45
446
468
781
1724
640
14
3
53
78
421
775
486
306
703
1889
2013
2120
4263
932
1887
957
3849
1308
1761
911
901
967
375
1996
679
590
711
352
2859
5
14
54
44
80
136
162
339
354
57
107
292
827
792
595
1072
294
1122
1689
1507
1181
993
1052
1390
1417
982
694
226
811
7
9
11
28
40
23
94
28
10
483
361
0
0
3
619
764
52
473
472
797
1768
644
14
3
54
80
430
806
494
315
722
1954
2048
2168
4375
964
1930
989
3936
1345
1847
944
925
1010
424
2045
700
608
733
378
2935
5
14
56
46
81
136
166
348
361
60
111
299
848
815
617
1135
484
1156
1743
1609
1240
796
1079
1448
1474
1055
594
254
825
7
9
13
30
41
17
100
29
13
491
393
0
0
1
635
778
42
505
482
806
1821
768
14
3
57
81
440
825
507
328
747
2000
2106
2237
4494
980
1994
1024
4012
1372
1418
973
956
1039
467
2092
722
650
749
419
2991
5
15
56
49
81
140
169
351
369
61
115
304
858
837
647
1194
484
1192
1802
1726
1301
843
1104
1327
1535
1118
630
279
848
8
10
15
30
41
21
112
29
9
509
423
0
0
0
659
790
46
536
493
989
1880
776
14
3
58
85
452
847
524
337
757
2045
2182
2322
4610
1005
2056
1038
4103
1409
1499
1026
997
939
488
2149
758
692
748
448
3050
5
15
56
49
83
145
170
369
383
61
116
314
883
859
472
676
484
1230
1854
1822
1184
898
1143
1400
1601
1187
668
307
880
9
15
18
33
43
25
123
29
11
528
444
0
0
0
638
779
50
574
507
1006
1941
783
14
3
58
87
462
871
532
342
770
2087
2223
2359
4713
1022
2096
1066
4197
1562
1573
1057
1032
971
531
2203
788
732
769
480
3109
5
15
56
49
87
148
174
372
390
62
117
322
899
878
332
714
484
1101
1884
1914
1238
950
1187
1455
1662
967
703
198
910
9
15
19
33
40
23
79
27
14
540
472
0
0
0
665
797
51
613
513
1020
2003
783
14
3
59
90
473
884
548
348
783
2136
2281
2420
4807
1040
2141
1087
4280
1594
1646
1102
1066
1017
568
2243
805
753
801
514
3186
5
16
59
51
90
148
178
381
398
66
119
333
920
557
358
739
484
1146
1927
2002
1283
1006
1207
1510
1714
1006
731
217
929
6
16
20
36
43
26
91
28
16
552
491
0
0
0
679
810
53
498
550
1115
2061
790
